# %ECSV 1.0
# ---
# datatype:
# - {name: tac, datatype: string}
# - {name: period, datatype: int32, description: ESO observing period}
# - {name: night, datatype: string, description: observing night}
# - {name: internal, datatype: bool, description: flag for internal instrument calibration}
# - {name: slew, datatype: bool, description: flag for non-tracking observations}
# - {name: object, datatype: string, description: name of the object in the exposure}
# - {name: object.mask, datatype: bool}
# - {name: target, datatype: string, description: name of the astronomical target}
# - {name: target.mask, datatype: bool}
# - name: ra
#   unit: deg
#   datatype: float64
#   description: Right Ascension FK5 J2000
#   meta: !!omap
#   - {ucd: pos.eq.ra;meta.main}
# - {name: ra.mask, datatype: bool}
# - name: dec
#   unit: deg
#   datatype: float64
#   description: Declination FK5 J2000
#   meta: !!omap
#   - {ucd: pos.eq.dec;meta.main}
# - {name: dec.mask, datatype: bool}
# - {name: dp_id, datatype: string}
# - {name: dp_id.mask, datatype: bool}
# - {name: telescope, datatype: string, description: telescope name}
# - {name: instrument, datatype: string, description: instrument name}
# - {name: pid, datatype: string, description: ESO programme ID allocated by TAC}
# - {name: used_pid, datatype: string, description: ESO programme ID used to observe}
# - {name: pi, datatype: string, description: name of the principal investigator}
# - {name: dp_cat, datatype: string, description: purpose of observation}
# - {name: dp_tech, datatype: string, description: observing technique}
# - {name: dp_tech.mask, datatype: bool}
# - {name: dp_type, datatype: string, description: type of exposure}
# - {name: dp_type.mask, datatype: bool}
# - name: exposure
#   unit: s
#   datatype: float32
#   format: .0f
#   description: cumulated exposure time
#   meta: !!omap
#   - {ucd: time.duration;obs.exposure}
# - {name: filter, datatype: string, description: list of filtres in the optical path}
# - {name: filter.mask, datatype: bool}
# - {name: ob_name, datatype: string, description: name of the observing block}
# - name: ob_id
#   datatype: int32
#   description: observing block ID number
#   meta: !!omap
#   - {ucd: meta.id;obs;meta.main}
# - {name: airmass, datatype: float32, format: .2f, description: airmass during the exposure}
# - {name: airmass.mask, datatype: bool}
# - {name: seeing, unit: arcsec, datatype: float32, format: .2f, description: DIMM seeing during the exposure}
# - {name: seeing.mask, datatype: bool}
# - name: ob_no
#   datatype: int32
#   description: unique OB number within the night
#   meta: !!omap
#   - {ucd: meta.code.member;obs.sequence}
# - {name: ob_start, datatype: string, description: estimated start time of the execution of the OB}
# - {name: ob_end, datatype: string, description: estimated end time of the execution of the OB}
# - name: tpl_no
#   datatype: int32
#   description: template number within OB
#   meta: !!omap
#   - {ucd: meta.code.member;obs.sequence}
# - {name: tpl_start, datatype: string, description: time at start of observing template}
# - {name: tpl_end, datatype: string, description: estimated end time of the execution of the observing template}
# - name: exp_no
#   datatype: int32
#   description: exposure number within template
#   meta: !!omap
#   - {ucd: meta.number;obs}
# - {name: exp_start, datatype: string, description: time at start of exposure}
# - {name: exp_end, datatype: string, description: estimated end time of the exposure}
# - {name: night_hours, unit: h, datatype: float64, format: .3f, description: number of hours of night conditions}
# - {name: dark_hours, unit: h, datatype: float64, format: .3f, description: number of hours of dark conditions}
# - {name: twilight_hours, unit: h, datatype: float64, format: .3f, description: number of hours of twilight conditions}
# - {name: nautical_twilight_hours, unit: h, datatype: float64, format: .3f, description: number of hours of nauticaltwilight conditions}
# - {name: civil_twilight_hours, unit: h, datatype: float64, format: .3f, description: number of hours of civiltwilight conditions}
# - {name: sun_down_hours, unit: h, datatype: float64, format: .3f, description: number of hours of sundown conditions}
# - {name: total_hours, unit: h, datatype: float64, format: .3f, description: number of hours}
# meta: !!omap
# - {site: La Silla Observatory}
# - {lon: -70.73000000000002}
# - {lat: -29.25666666666666}
# - {alt: 2346.999999998842}
# - {telescope: ESO-2.2m}
# - {period: 108}
# - {night: '2022-03-09'}
# - {rootdir: .}
# - ephemeris:
#     civil_twilight_hours: 0.7947222222222222
#     civil_twilight_time:
#     - ['2022-03-09T23:06:37', '2022-03-09T23:30:27']
#     - ['2022-03-10T10:16:29', '2022-03-10T10:40:20']
#     dark_hours: 5.811944444444444
#     dark_time:
#     - ['2022-03-10T03:31:30', '2022-03-10T09:20:13']
#     moon_illumination: 0.4783111764812856
#     nautical_twilight_hours: 0.9311111111111111
#     nautical_twilight_time:
#     - ['2022-03-09T23:30:27', '2022-03-09T23:58:22']
#     - ['2022-03-10T09:48:32', '2022-03-10T10:16:29']
#     night_hours: 8.8925
#     night_time:
#     - ['2022-03-10T00:26:40', '2022-03-10T09:20:13']
#     sun_down_hours: 11.561944444444444
#     sun_down_time:
#     - ['2022-03-09T23:06:37', '2022-03-10T10:40:20']
#     twilight_hours: 0.9436111111111111
#     twilight_time:
#     - ['2022-03-09T23:58:22', '2022-03-10T00:26:40']
#     - ['2022-03-10T09:20:13', '2022-03-10T09:48:32']
# - {roodir: .}
# - {wwwdir: /data/www/twoptwo.com}
# - __serialized_columns__:
#     airmass:
#       __class__: astropy.table.column.MaskedColumn
#       data: !astropy.table.SerializedColumn {name: airmass}
#       mask: !astropy.table.SerializedColumn {name: airmass.mask}
#     dec:
#       __class__: astropy.table.column.MaskedColumn
#       data: !astropy.table.SerializedColumn {name: dec}
#       mask: !astropy.table.SerializedColumn {name: dec.mask}
#     dp_id:
#       __class__: astropy.table.column.MaskedColumn
#       data: !astropy.table.SerializedColumn {name: dp_id}
#       mask: !astropy.table.SerializedColumn {name: dp_id.mask}
#     dp_tech:
#       __class__: astropy.table.column.MaskedColumn
#       data: !astropy.table.SerializedColumn {name: dp_tech}
#       mask: !astropy.table.SerializedColumn {name: dp_tech.mask}
#     dp_type:
#       __class__: astropy.table.column.MaskedColumn
#       data: !astropy.table.SerializedColumn {name: dp_type}
#       mask: !astropy.table.SerializedColumn {name: dp_type.mask}
#     exp_no:
#       __class__: astropy.table.column.MaskedColumn
#       data: !astropy.table.SerializedColumn {name: exp_no}
#     exposure:
#       __class__: astropy.table.column.MaskedColumn
#       data: !astropy.table.SerializedColumn {name: exposure}
#     filter:
#       __class__: astropy.table.column.MaskedColumn
#       data: !astropy.table.SerializedColumn {name: filter}
#       mask: !astropy.table.SerializedColumn {name: filter.mask}
#     ob_id:
#       __class__: astropy.table.column.MaskedColumn
#       data: !astropy.table.SerializedColumn {name: ob_id}
#     ob_no:
#       __class__: astropy.table.column.MaskedColumn
#       data: !astropy.table.SerializedColumn {name: ob_no}
#     object:
#       __class__: astropy.table.column.MaskedColumn
#       data: !astropy.table.SerializedColumn {name: object}
#       mask: !astropy.table.SerializedColumn {name: object.mask}
#     ra:
#       __class__: astropy.table.column.MaskedColumn
#       data: !astropy.table.SerializedColumn {name: ra}
#       mask: !astropy.table.SerializedColumn {name: ra.mask}
#     seeing:
#       __class__: astropy.table.column.MaskedColumn
#       data: !astropy.table.SerializedColumn {name: seeing}
#       mask: !astropy.table.SerializedColumn {name: seeing.mask}
#     tac:
#       __class__: astropy.table.column.MaskedColumn
#       data: !astropy.table.SerializedColumn {name: tac}
#     target:
#       __class__: astropy.table.column.MaskedColumn
#       data: !astropy.table.SerializedColumn {name: target}
#       mask: !astropy.table.SerializedColumn {name: target.mask}
#     tpl_no:
#       __class__: astropy.table.column.MaskedColumn
#       data: !astropy.table.SerializedColumn {name: tpl_no}
# schema: astropy-2.0
tac period night internal slew object object.mask target target.mask ra ra.mask dec dec.mask dp_id dp_id.mask telescope instrument pid used_pid pi dp_cat dp_tech dp_tech.mask dp_type dp_type.mask exposure filter filter.mask ob_name ob_id airmass airmass.mask seeing seeing.mask ob_no ob_start ob_end tpl_no tpl_start tpl_end exp_no exp_start exp_end night_hours dark_hours twilight_hours nautical_twilight_hours civil_twilight_hours sun_down_hours total_hours
Calib 108 2022-03-09 False True FLAT,SCREEN False "" True 7.06858611 True -80.11908 True WFI.2022-03-09T17:58:06.203 False ESO-2.2m WFI 60.A-9120(A) 60.A-9120(A) Service CALIB IMAGE False FLAT,SCREEN False 0.857 BB#RC/162_ESO844 False DomeFlatsP108 100185402 1.582 True 0.66 True 2 2022-03-09T17:57:35 2022-03-09T17:01:54 1 2022-03-09T17:57:35 2022-03-09T17:01:54 2 2022-03-09T16:58:06 2022-03-09T16:59:06 0.0 0.0 0.0 0.0 0.0 0.0 -0.9280555555555555
Calib 108 2022-03-09 False True FLAT,SCREEN False "" True 7.24615888 True -80.11902 True WFI.2022-03-09T17:58:48.248 False ESO-2.2m WFI 60.A-9120(A) 60.A-9120(A) Service CALIB IMAGE False FLAT,SCREEN False 0.857 BB#RC/162_ESO844 False DomeFlatsP108 100185402 1.582 True 0.66 True 2 2022-03-09T17:57:35 2022-03-09T17:01:54 1 2022-03-09T17:57:35 2022-03-09T17:01:54 3 2022-03-09T16:58:48 2022-03-09T16:59:48 0.0 0.0 0.0 0.0 0.0 0.0 -0.0
Calib 108 2022-03-09 False True FLAT,SCREEN False "" True 7.42373111 True -80.11896 True WFI.2022-03-09T17:59:30.213 False ESO-2.2m WFI 60.A-9120(A) 60.A-9120(A) Service CALIB IMAGE False FLAT,SCREEN False 0.857 BB#RC/162_ESO844 False DomeFlatsP108 100185402 1.582 True 0.66 True 2 2022-03-09T17:57:35 2022-03-09T17:01:54 1 2022-03-09T17:57:35 2022-03-09T17:01:54 4 2022-03-09T16:59:30 2022-03-09T17:00:30 0.0 0.0 0.0 0.0 0.0 0.0 -0.0
Calib 108 2022-03-09 False True FLAT,SCREEN False "" True 7.60130194 True -80.1189 True WFI.2022-03-09T18:00:12.188 False ESO-2.2m WFI 60.A-9120(A) 60.A-9120(A) Service CALIB IMAGE False FLAT,SCREEN False 0.857 BB#RC/162_ESO844 False DomeFlatsP108 100185402 1.582 True 0.66 True 2 2022-03-09T17:57:35 2022-03-09T17:01:54 1 2022-03-09T17:57:35 2022-03-09T17:01:54 5 2022-03-09T17:00:12 2022-03-09T17:01:12 0.0 0.0 0.0 0.0 0.0 0.0 -0.0
Calib 108 2022-03-09 False True FLAT,SCREEN False "" True 7.77887111 True -80.11884 True WFI.2022-03-09T18:00:54.212 False ESO-2.2m WFI 60.A-9120(A) 60.A-9120(A) Service CALIB IMAGE False FLAT,SCREEN False 0.857 BB#RC/162_ESO844 False DomeFlatsP108 100185402 1.582 True 0.66 True 2 2022-03-09T17:57:35 2022-03-09T17:01:54 1 2022-03-09T17:57:35 2022-03-09T17:01:54 6 2022-03-09T17:00:54 2022-03-09T17:01:54 0.0 0.0 0.0 0.0 0.0 0.0 -0.0
Calib 108 2022-03-09 False True 0 True "" True -596.52323555 True -596.52323555 True GROND.2022-03-09T18:12:34.936 False ESO-2.2m GROND 60.A-9080(A) 0108.A-9099(A) Service SCIENCE IMAGE False OBJECT False 6.509 G,R,I,Z False testOB -1 nan True nan True 4 2022-03-09T18:12:23 2022-03-09T17:13:40 1 2022-03-09T18:12:23 2022-03-09T17:13:40 1 2022-03-09T17:12:34 2022-03-09T17:13:40 0.0 0.0 0.0 0.0 0.0 0.0 -0.9786111111111111
Calib 108 2022-03-09 False True 0 True "" True -596.52323555 True -596.52323555 True GROND.2022-03-09T18:12:36.492 False ESO-2.2m GROND 60.A-9080(A) 0108.A-9099(A) Service SCIENCE IMAGE False OBJECT False 2.0 J,H,K False testOB -1 nan True nan True 4 2022-03-09T18:12:23 2022-03-09T17:13:40 1 2022-03-09T18:12:23 2022-03-09T17:13:40 2 2022-03-09T17:12:36 2022-03-09T17:12:48 0.0 0.0 0.0 0.0 0.0 0.0 -0.0
Calib 108 2022-03-09 False True 0 True "" True -596.52323555 True -596.52323555 True GROND.2022-03-09T18:12:42.929 False ESO-2.2m GROND 60.A-9080(A) 0108.A-9099(A) Service SCIENCE IMAGE False OBJECT False 2.0 J,H,K False testOB -1 nan True nan True 4 2022-03-09T18:12:23 2022-03-09T17:13:40 1 2022-03-09T18:12:23 2022-03-09T17:13:40 3 2022-03-09T17:12:42 2022-03-09T17:12:54 0.0 0.0 0.0 0.0 0.0 0.0 -0.0
Calib 108 2022-03-09 False True 0 True "" True -596.52323555 True -596.52323555 True GROND.2022-03-09T18:12:49.137 False ESO-2.2m GROND 60.A-9080(A) 0108.A-9099(A) Service SCIENCE IMAGE False OBJECT False 2.0 J,H,K False testOB -1 nan True nan True 4 2022-03-09T18:12:23 2022-03-09T17:13:40 1 2022-03-09T18:12:23 2022-03-09T17:13:40 4 2022-03-09T17:12:49 2022-03-09T17:13:01 0.0 0.0 0.0 0.0 0.0 0.0 -0.0
Calib 108 2022-03-09 False True 0 True "" True -596.52323555 True -596.52323555 True GROND.2022-03-09T18:12:57.369 False ESO-2.2m GROND 60.A-9080(A) 0108.A-9099(A) Service SCIENCE IMAGE False OBJECT False 2.0 J,H,K False testOB -1 nan True nan True 4 2022-03-09T18:12:23 2022-03-09T17:13:40 1 2022-03-09T18:12:23 2022-03-09T17:13:40 5 2022-03-09T17:12:57 2022-03-09T17:13:09 0.0 0.0 0.0 0.0 0.0 0.0 -0.0
Calib 108 2022-03-09 False True 0 True "" True -596.52323555 True -596.52323555 True GROND.2022-03-09T18:13:03.683 False ESO-2.2m GROND 60.A-9080(A) 0108.A-9099(A) Service SCIENCE IMAGE False OBJECT False 2.0 J,H,K False testOB -1 nan True nan True 4 2022-03-09T18:12:23 2022-03-09T17:13:40 1 2022-03-09T18:12:23 2022-03-09T17:13:40 6 2022-03-09T17:13:03 2022-03-09T17:13:15 0.0 0.0 0.0 0.0 0.0 0.0 -0.0
Calib 108 2022-03-09 False True 0 True "" True -596.52323555 True -596.52323555 True GROND.2022-03-09T18:13:09.935 False ESO-2.2m GROND 60.A-9080(A) 0108.A-9099(A) Service SCIENCE IMAGE False OBJECT False 2.0 J,H,K False testOB -1 nan True nan True 4 2022-03-09T18:12:23 2022-03-09T17:13:40 1 2022-03-09T18:12:23 2022-03-09T17:13:40 7 2022-03-09T17:13:09 2022-03-09T17:13:21 0.0 0.0 0.0 0.0 0.0 0.0 -0.0
Calib 108 2022-03-09 False True 0 True "" True 10.33502805 True -29.38366 True GROND.2022-03-09T18:15:52.801 False ESO-2.2m GROND 60.A-9080(A) 0108.A-9099(A) Service SCIENCE IMAGE False OBJECT False 6.393 G,R,I,Z False testOB -1 1.0 True 0.66 True 5 2022-03-09T18:15:27 2022-03-09T17:16:58 1 2022-03-09T18:15:27 2022-03-09T17:16:58 1 2022-03-09T17:15:52 2022-03-09T17:16:58 0.0 0.0 0.0 0.0 0.0 0.0 -0.9747222222222223
Calib 108 2022-03-09 False True 0 True "" True 10.61945194 True -29.38354 True GROND.2022-03-09T18:16:40.409 False ESO-2.2m GROND 60.A-9080(A) 0108.A-9099(A) Service SCIENCE IMAGE False OBJECT False 6.507 G,R,I,Z False testOB -1 1.0 True 0.66 True 6 2022-03-09T18:16:25 2022-03-09T17:17:46 1 2022-03-09T18:16:25 2022-03-09T17:17:46 1 2022-03-09T17:16:40 2022-03-09T17:17:46 0.0 0.0 0.0 0.0 0.0 0.0 -0.9775
Calib 108 2022-03-09 False True 0 True "" True 10.54416305 True -29.38357 True GROND.2022-03-09T18:16:39.755 False ESO-2.2m GROND 60.A-9080(A) 0108.A-9099(A) Service SCIENCE IMAGE False OBJECT False 2.0 J,H,K False testOB -1 1.0 True 0.66 True 6 2022-03-09T18:16:25 2022-03-09T17:17:46 1 2022-03-09T18:16:25 2022-03-09T17:17:46 2 2022-03-09T17:16:39 2022-03-09T17:16:51 0.0 0.0 0.0 0.0 0.0 0.0 -0.0
Calib 108 2022-03-09 False True 0 True "" True 10.56926 True -29.38356 True GROND.2022-03-09T18:16:45.959 False ESO-2.2m GROND 60.A-9080(A) 0108.A-9099(A) Service SCIENCE IMAGE False OBJECT False 2.0 J,H,K False testOB -1 1.0 True 0.66 True 6 2022-03-09T18:16:25 2022-03-09T17:17:46 1 2022-03-09T18:16:25 2022-03-09T17:17:46 3 2022-03-09T17:16:45 2022-03-09T17:16:57 0.0 0.0 0.0 0.0 0.0 0.0 -0.0
Calib 108 2022-03-09 False True 0 True "" True 10.59435611 True -29.38355 True GROND.2022-03-09T18:16:52.325 False ESO-2.2m GROND 60.A-9080(A) 0108.A-9099(A) Service SCIENCE IMAGE False OBJECT False 2.0 J,H,K False testOB -1 1.0 True 0.66 True 6 2022-03-09T18:16:25 2022-03-09T17:17:46 1 2022-03-09T18:16:25 2022-03-09T17:17:46 4 2022-03-09T17:16:52 2022-03-09T17:17:04 0.0 0.0 0.0 0.0 0.0 0.0 -0.0
Calib 108 2022-03-09 False True 0 True "" True 10.61945194 True -29.38354 True GROND.2022-03-09T18:16:58.659 False ESO-2.2m GROND 60.A-9080(A) 0108.A-9099(A) Service SCIENCE IMAGE False OBJECT False 2.0 J,H,K False testOB -1 1.0 True 0.66 True 6 2022-03-09T18:16:25 2022-03-09T17:17:46 1 2022-03-09T18:16:25 2022-03-09T17:17:46 5 2022-03-09T17:16:58 2022-03-09T17:17:10 0.0 0.0 0.0 0.0 0.0 0.0 -0.0
Calib 108 2022-03-09 False True 0 True "" True 10.64454888 True -29.38353 True GROND.2022-03-09T18:17:04.880 False ESO-2.2m GROND 60.A-9080(A) 0108.A-9099(A) Service SCIENCE IMAGE False OBJECT False 2.0 J,H,K False testOB -1 1.0 True 0.66 True 6 2022-03-09T18:16:25 2022-03-09T17:17:46 1 2022-03-09T18:16:25 2022-03-09T17:17:46 6 2022-03-09T17:17:04 2022-03-09T17:17:16 0.0 0.0 0.0 0.0 0.0 0.0 -0.0
Calib 108 2022-03-09 False True 0 True "" True 10.67801 True -29.38352 True GROND.2022-03-09T18:17:13.114 False ESO-2.2m GROND 60.A-9080(A) 0108.A-9099(A) Service SCIENCE IMAGE False OBJECT False 2.0 J,H,K False testOB -1 1.0 True 0.66 True 6 2022-03-09T18:16:25 2022-03-09T17:17:46 1 2022-03-09T18:16:25 2022-03-09T17:17:46 7 2022-03-09T17:17:13 2022-03-09T17:17:25 0.0 0.0 0.0 0.0 0.0 0.0 -0.0
Calib 108 2022-03-09 False False FLAT,SKY False "" True 108.13245694 False -42.66141 False WFI.2022-03-09T23:24:33.625 False ESO-2.2m WFI 60.A-9120(A) 60.A-9120(A) Service CALIB IMAGE False FLAT,SKY False 1.006 BB#RC/162_ESO844 False SkyFlatsEvening_Rc 100346479 1.067 False 0.66 False 7 2022-03-09T23:23:10 2022-03-09T22:30:52 1 2022-03-09T23:23:10 2022-03-09T22:30:52 2 2022-03-09T22:24:33 2022-03-09T22:25:34 0.0 0.0 0.0 0.0 0.0 0.0 -0.8716666666666667
Calib 108 2022-03-09 False False FLAT,SKY False "" True 108.14000305 False -42.65584 False WFI.2022-03-09T23:25:25.121 False ESO-2.2m WFI 60.A-9120(A) 60.A-9120(A) Service CALIB IMAGE False FLAT,SKY False 1.236 BB#RC/162_ESO844 False SkyFlatsEvening_Rc 100346479 1.066 False 0.66 False 7 2022-03-09T23:23:10 2022-03-09T22:30:52 1 2022-03-09T23:23:10 2022-03-09T22:30:52 3 2022-03-09T22:25:25 2022-03-09T22:26:26 0.0 0.0 0.0 0.0 0.0 0.0 -0.0
Calib 108 2022-03-09 False False FLAT,SKY False "" True 108.14753305 False -42.65027 False WFI.2022-03-09T23:26:17.117 False ESO-2.2m WFI 60.A-9120(A) 60.A-9120(A) Service CALIB IMAGE False FLAT,SKY False 1.519 BB#RC/162_ESO844 False SkyFlatsEvening_Rc 100346479 1.065 False 0.66 False 7 2022-03-09T23:23:10 2022-03-09T22:30:52 1 2022-03-09T23:23:10 2022-03-09T22:30:52 4 2022-03-09T22:26:17 2022-03-09T22:27:18 0.0 0.0 0.0 0.0 0.0 0.0 -0.0
Calib 108 2022-03-09 False False FLAT,SKY False "" True 108.15507111 False -42.6447 False WFI.2022-03-09T23:27:11.123 False ESO-2.2m WFI 60.A-9120(A) 60.A-9120(A) Service CALIB IMAGE False FLAT,SKY False 1.883 BB#RC/162_ESO844 False SkyFlatsEvening_Rc 100346479 1.064 False 0.66 False 7 2022-03-09T23:23:10 2022-03-09T22:30:52 1 2022-03-09T23:23:10 2022-03-09T22:30:52 5 2022-03-09T22:27:11 2022-03-09T22:28:12 0.0 0.0 0.0 0.0 0.0 0.0 -0.0
Calib 108 2022-03-09 False False FLAT,SKY False "" True 108.16259805 False -42.63913 False WFI.2022-03-09T23:28:05.129 False ESO-2.2m WFI 60.A-9120(A) 60.A-9120(A) Service CALIB IMAGE False FLAT,SKY False 2.325 BB#RC/162_ESO844 False SkyFlatsEvening_Rc 100346479 1.0634999 False 0.66 False 7 2022-03-09T23:23:10 2022-03-09T22:30:52 1 2022-03-09T23:23:10 2022-03-09T22:30:52 6 2022-03-09T22:28:05 2022-03-09T22:29:07 0.0 0.0 0.0 0.0 0.0 0.0 -0.0
Calib 108 2022-03-09 False False FLAT,SKY False "" True 108.17013 False -42.63356 False WFI.2022-03-09T23:28:57.145 False ESO-2.2m WFI 60.A-9120(A) 60.A-9120(A) Service CALIB IMAGE False FLAT,SKY False 2.86 BB#RC/162_ESO844 False SkyFlatsEvening_Rc 100346479 1.063 False 0.66 False 7 2022-03-09T23:23:10 2022-03-09T22:30:52 1 2022-03-09T23:23:10 2022-03-09T22:30:52 7 2022-03-09T22:28:57 2022-03-09T22:29:59 0.0 0.0 0.0 0.0 0.0 0.0 -0.0
Calib 108 2022-03-09 False False FLAT,SKY False "" True 108.17765694 False -42.62799 False WFI.2022-03-09T23:29:49.181 False ESO-2.2m WFI 60.A-9120(A) 60.A-9120(A) Service CALIB IMAGE False FLAT,SKY False 3.52 BB#RC/162_ESO844 False SkyFlatsEvening_Rc 100346479 1.062 False 0.66 False 7 2022-03-09T23:23:10 2022-03-09T22:30:52 1 2022-03-09T23:23:10 2022-03-09T22:30:52 8 2022-03-09T22:29:49 2022-03-09T22:30:52 0.0 0.0 0.0 0.0 0.0 0.0 -0.0
Calib 108 2022-03-09 False False SKY False HR2646 False 105.42948888 False -27.93525 False WFI.2022-03-09T23:32:07.746 False ESO-2.2m WFI 60.A-9120(A) 60.A-9120(A) Service ACQUISITION IMAGE False SKY False 0.999 BB#RC/162_ESO844 False Pointing-0701-2756 100185386 1.026 False 0.66 False 8 2022-03-09T23:31:03 2022-03-09T22:33:07 1 2022-03-09T23:31:03 2022-03-09T22:33:07 1 2022-03-09T22:32:07 2022-03-09T22:33:07 0.0 0.0 0.0 0.0 0.0 0.0 -0.9655555555555555
Downtime 108 2022-03-09 False True IDLE False "" True 0.0 True 0.0 True "" True ESO-2.2m IDLE IDLE/TWILIGHT IDLE/TWILIGHT 0.0 IDLE "" True "" True 0.0 "" False Telescope_Idle 0 0.0 True 0.0 True 65 2022-03-09T23:58:22 2022-03-10T00:26:40 0 2022-03-09T23:58:22 2022-03-10T00:26:40 0 2022-03-09T23:58:22 2022-03-10T00:26:40 0.0 0.0 0.4716666666666667 0.0 0.0 0.4716666666666667 0.4716666666666667
Calib 108 2022-03-09 False False HD32147 False HD32147 False 75.19792888 False -5.74487 False "" True ESO-2.2m FEROS 60.A-9700(A) 60.A-9700(A) Service ACQUISITION "" True "" True 0.0 "" True RVStandard_0501-0545 199353231 1.2030001 False 0.855 False 9 2022-03-10T00:05:06 2022-03-09T23:16:27 1 2022-03-10T00:05:06 2022-03-10T00:09:06 1 2022-03-10T00:05:06 2022-03-10T00:09:06 0.0 0.0 0.06666666666666667 0.0 0.0 0.06666666666666667 0.06666666666666667
Calib 108 2022-03-09 False False HD32147 False HD32147 False 75.19792888 False -5.74487 False FEROS.2022-03-10T00:09:27.493 False ESO-2.2m FEROS 60.A-9700(A) 60.A-9700(A) Service SCIENCE ECHELLE False OBJECT,WAVE False 360.042 "" False RVStandard_0501-0545 199353231 1.2030001 False 0.855 False 9 2022-03-10T00:05:06 2022-03-09T23:16:27 2 2022-03-10T00:09:06 2022-03-09T23:16:27 1 2022-03-09T23:09:27 2022-03-09T23:16:27 0.0 0.0 0.0 0.0 0.0 0.0 -0.8775
MPIA/A 108 2022-03-09 False False HD24649 False HD24649 False 58.34871888 False -41.20588 False "" True ESO-2.2m FEROS 0108.A-9014(A) 0108.A-9014(A) "Zakhozhay, Olga" ACQUISITION "" True "" True 0.0 "" True HD24649 1000164617 1.2820001 False 0.82000005 False 10 2022-03-10T00:14:25 2022-03-09T23:31:46 1 2022-03-10T00:14:25 2022-03-10T00:18:25 1 2022-03-10T00:14:25 2022-03-10T00:18:25 0.0 0.0 0.06666666666666667 0.0 0.0 0.06666666666666667 0.06666666666666667
MPIA/A 108 2022-03-09 False False HD24649 False HD24649 False 58.34871888 False -41.20588 False FEROS.2022-03-10T00:18:46.564 False ESO-2.2m FEROS 0108.A-9014(A) 0108.A-9014(A) "Zakhozhay, Olga" SCIENCE ECHELLE False OBJECT,WAVE False 720.041 "" False HD24649 1000164617 1.2820001 False 0.82000005 False 10 2022-03-10T00:14:25 2022-03-09T23:31:46 2 2022-03-10T00:18:25 2022-03-09T23:31:46 1 2022-03-09T23:18:46 2022-03-09T23:31:46 0.0 0.0 0.0 0.0 0.0 0.0 -0.7775
Downtime 108 2022-03-09 False True IDLE False "" True 0.0 True 0.0 True "" True ESO-2.2m IDLE IDLE/NIGHT IDLE/NIGHT 0.0 IDLE "" True "" True 0.0 "" False Telescope_Idle 0 0.0 True 0.0 True 64 2022-03-10T00:26:40 2022-03-10T01:17:30 0 2022-03-10T00:26:40 2022-03-10T01:17:30 0 2022-03-10T00:26:40 2022-03-10T01:17:30 0.8472222222222222 0.0 0.0 0.0 0.0 0.8472222222222222 0.8472222222222222
CNTAC 108 2022-03-09 False False TIC423785115 False TIC423785115 False 70.90711111 False -26.63386 False "" True ESO-2.2m FEROS 0108.A-9008(A) 0108.A-9008(A) "Moyano D’Angelo, Maximiliano" ACQUISITION "" True "" True 0.0 "" True TIC423785115 1000164789 1.187 False 0.92 False 11 2022-03-10T00:30:29 2022-03-09T23:45:50 1 2022-03-10T00:30:29 2022-03-10T00:34:29 1 2022-03-10T00:30:29 2022-03-10T00:34:29 0.06666666666666667 0.0 0.0 0.0 0.0 0.06666666666666667 0.06666666666666667
CNTAC 108 2022-03-09 False False TIC423785115 False TIC423785115 False 70.90711111 False -26.63386 False FEROS.2022-03-10T00:34:50.350 False ESO-2.2m FEROS 0108.A-9008(A) 0108.A-9008(A) "Moyano D’Angelo, Maximiliano" SCIENCE ECHELLE False OBJECT,WAVE False 600.042 "" False TIC423785115 1000164789 1.187 False 0.92 False 11 2022-03-10T00:30:29 2022-03-09T23:45:50 2 2022-03-10T00:34:29 2022-03-09T23:45:50 1 2022-03-09T23:34:50 2022-03-09T23:45:50 0.0 0.0 0.0 0.0 0.0 0.0 -0.8108333333333333
Downtime 108 2022-03-09 False True IDLE False "" True 0.0 True 0.0 True "" True ESO-2.2m IDLE IDLE/NIGHT IDLE/NIGHT 0.0 IDLE "" True "" True 0.0 "" False Telescope_Idle 0 0.0 True 0.0 True 63 2022-03-10T00:34:51 2022-03-10T01:47:36 0 2022-03-10T00:34:51 2022-03-10T01:47:36 0 2022-03-10T00:34:51 2022-03-10T01:47:36 1.2125 0.0 0.0 0.0 0.0 1.2125 1.2125
MPIA/A 108 2022-03-09 False False SAO150676 False SAO150676 False 85.07482194 False -19.65412 False "" True ESO-2.2m FEROS 0108.A-9014(A) 0108.A-9014(A) "Zakhozhay, Olga" ACQUISITION "" True "" True 0.0 "" True SAO150676 1000148403 1.1115 False 1.1800001 False 12 2022-03-10T00:43:35 2022-03-10T00:02:26 1 2022-03-10T00:43:35 2022-03-10T00:47:35 1 2022-03-10T00:43:35 2022-03-10T00:47:35 0.06666666666666667 0.0 0.0 0.0 0.0 0.06666666666666667 0.06666666666666667
MPIA/A 108 2022-03-09 False False SAO150676 False SAO150676 False 85.07482194 False -19.65412 False FEROS.2022-03-10T00:47:56.596 False ESO-2.2m FEROS 0108.A-9014(A) 0108.A-9014(A) "Zakhozhay, Olga" SCIENCE ECHELLE False OBJECT,WAVE False 810.041 "" False SAO150676 1000148403 1.1115 False 1.1800001 False 12 2022-03-10T00:43:35 2022-03-10T00:02:26 2 2022-03-10T00:47:35 2022-03-10T00:02:26 1 2022-03-09T23:47:56 2022-03-10T00:02:26 0.0 0.0 0.0 0.0 0.0 0.0 -0.7525
MPIA/A 108 2022-03-09 False False HD38397 False HD38397 False 85.88435388 False -39.90694 False "" True ESO-2.2m FEROS 0108.A-9014(A) 0108.A-9014(A) "Zakhozhay, Olga" ACQUISITION "" True "" True 0.0 "" True HD38397 1000164625 1.119 False 0.9 False 13 2022-03-10T01:00:22 2022-03-10T00:19:12 1 2022-03-10T01:00:22 2022-03-10T01:04:22 1 2022-03-10T01:00:22 2022-03-10T01:04:22 0.06666666666666667 0.0 0.0 0.0 0.0 0.06666666666666667 0.06666666666666667
MPIA/A 108 2022-03-09 False False HD38397 False HD38397 False 85.88435388 False -39.90694 False FEROS.2022-03-10T01:04:42.637 False ESO-2.2m FEROS 0108.A-9014(A) 0108.A-9014(A) "Zakhozhay, Olga" SCIENCE ECHELLE False OBJECT,WAVE False 810.042 "" False HD38397 1000164625 1.119 False 0.9 False 13 2022-03-10T01:00:22 2022-03-10T00:19:12 2 2022-03-10T01:04:22 2022-03-10T00:19:12 1 2022-03-10T00:04:42 2022-03-10T00:19:12 0.0 0.0 0.0 0.0 0.0 0.0 -0.7527777777777778
Downtime 108 2022-03-09 False True IDLE False "" True 0.0 True 0.0 True "" True ESO-2.2m IDLE IDLE/NIGHT IDLE/NIGHT 0.0 IDLE "" True "" True 0.0 "" False Telescope_Idle 0 0.0 True 0.0 True 62 2022-03-10T01:12:57 2022-03-10T02:11:27 0 2022-03-10T01:12:57 2022-03-10T02:11:27 0 2022-03-10T01:12:57 2022-03-10T02:11:27 0.975 0.0 0.0 0.0 0.0 0.975 0.975
MPIA/A 108 2022-03-09 False False HD48370 False HD48370 False 100.74371 False -2.87426 False "" True ESO-2.2m FEROS 0108.A-9014(A) 0108.A-9014(A) "Zakhozhay, Olga" ACQUISITION "" True "" True 0.0 "" True HD48370 1000148436 1.179 False 0.87 False 14 2022-03-10T01:17:30 2022-03-10T00:34:51 1 2022-03-10T01:17:30 2022-03-10T01:21:30 1 2022-03-10T01:17:30 2022-03-10T01:21:30 0.06666666666666667 0.0 0.0 0.0 0.0 0.06666666666666667 0.06666666666666667
MPIA/A 108 2022-03-09 False False HD48370 False HD48370 False 100.74371 False -2.87426 False FEROS.2022-03-10T01:21:51.630 False ESO-2.2m FEROS 0108.A-9014(A) 0108.A-9014(A) "Zakhozhay, Olga" SCIENCE ECHELLE False OBJECT,WAVE False 720.042 "" False HD48370 1000148436 1.179 False 0.87 False 14 2022-03-10T01:17:30 2022-03-10T00:34:51 2 2022-03-10T01:21:30 2022-03-10T00:34:51 1 2022-03-10T00:21:51 2022-03-10T00:34:51 0.0 0.0 0.0 0.0 0.0 0.0 -0.7775
Downtime 108 2022-03-09 False True IDLE False "" True 0.0 True 0.0 True "" True ESO-2.2m IDLE IDLE/NIGHT IDLE/NIGHT 0.0 IDLE "" True "" True 0.0 "" False Telescope_Idle 0 0.0 True 0.0 True 61 2022-03-10T01:25:18 2022-03-10T02:23:49 0 2022-03-10T01:25:18 2022-03-10T02:23:49 0 2022-03-10T01:25:18 2022-03-10T02:23:49 0.9752777777777778 0.0 0.0 0.0 0.0 0.9752777777777778 0.9752777777777778
Downtime 108 2022-03-09 False True IDLE False "" True 0.0 True 0.0 True "" True ESO-2.2m IDLE IDLE/NIGHT IDLE/NIGHT 0.0 IDLE "" True "" True 0.0 "" False Telescope_Idle 0 0.0 True 0.0 True 60 2022-03-10T01:37:30 2022-03-10T02:37:18 0 2022-03-10T01:37:30 2022-03-10T02:37:18 0 2022-03-10T01:37:30 2022-03-10T02:37:18 0.9966666666666667 0.0 0.0 0.0 0.0 0.9966666666666667 0.9966666666666667
MPIA/A 108 2022-03-09 False False "TIC 157115010" False "TIC 157115010" False 100.955235 False -43.87572 False "" True ESO-2.2m FEROS 0108.A-9003(A) 0108.A-9003(A) "Hobson, Melissa" ACQUISITION "" True "" True 0.0 "" True TIC157115010 1000132374 1.1165 False 0.7 False 15 2022-03-10T01:47:36 2022-03-10T01:12:57 1 2022-03-10T01:47:36 2022-03-10T01:51:36 1 2022-03-10T01:47:36 2022-03-10T01:51:36 0.06666666666666667 0.0 0.0 0.0 0.0 0.06666666666666667 0.06666666666666667
MPIA/A 108 2022-03-09 False False "TIC 157115010" False "TIC 157115010" False 100.955235 False -43.87572 False FEROS.2022-03-10T01:51:57.238 False ESO-2.2m FEROS 0108.A-9003(A) 0108.A-9003(A) "Hobson, Melissa" SCIENCE ECHELLE False OBJECT,WAVE False 1200.041 "" False TIC157115010 1000132374 1.1165 False 0.7 False 15 2022-03-10T01:47:36 2022-03-10T01:12:57 2 2022-03-10T01:51:36 2022-03-10T01:12:57 1 2022-03-10T00:51:57 2022-03-10T01:12:57 0.0 0.0 0.0 0.0 0.0 0.0 -0.6441666666666667
MPIA/A 108 2022-03-09 False False HD53143 False HD53143 False 104.97054111 False -61.31744 False "" True ESO-2.2m FEROS 0108.A-9014(A) 0108.A-9014(A) "Zakhozhay, Olga" ACQUISITION "" True "" True 0.0 "" True HD53143 1000148427 1.2525 False 0.83500004 False 16 2022-03-10T02:11:27 2022-03-10T01:25:18 1 2022-03-10T02:11:27 2022-03-10T02:15:27 1 2022-03-10T02:11:27 2022-03-10T02:15:27 0.06666666666666667 0.0 0.0 0.0 0.0 0.06666666666666667 0.06666666666666667
MPIA/A 108 2022-03-09 False False HD53143 False HD53143 False 104.97054111 False -61.31744 False FEROS.2022-03-10T02:15:48.015 False ESO-2.2m FEROS 0108.A-9014(A) 0108.A-9014(A) "Zakhozhay, Olga" SCIENCE ECHELLE False OBJECT,WAVE False 510.041 "" False HD53143 1000148427 1.2525 False 0.83500004 False 16 2022-03-10T02:11:27 2022-03-10T01:25:18 2 2022-03-10T02:15:27 2022-03-10T01:25:18 1 2022-03-10T01:15:48 2022-03-10T01:25:18 0.0 0.0 0.0 0.0 0.0 0.0 -0.8358333333333333
Downtime 108 2022-03-09 False True IDLE False "" True 0.0 True 0.0 True "" True ESO-2.2m IDLE IDLE/NIGHT IDLE/NIGHT 0.0 IDLE "" True "" True 0.0 "" False Telescope_Idle 0 0.0 True 0.0 True 59 2022-03-10T02:12:39 2022-03-10T03:10:19 0 2022-03-10T02:12:39 2022-03-10T03:10:19 0 2022-03-10T02:12:39 2022-03-10T03:10:19 0.9611111111111111 0.0 0.0 0.0 0.0 0.9611111111111111 0.9611111111111111
CNTAC 108 2022-03-09 False False TIC262414864 False TIC262414864 False 108.70387805 False -21.59894 False "" True ESO-2.2m FEROS 0108.A-9007(A) 0108.A-9007(A) "Vines, José" ACQUISITION "" True "" True 0.0 "" True TIC262414864 1000165333 1.1105 False 0.92 False 17 2022-03-10T02:23:49 2022-03-10T01:37:30 1 2022-03-10T02:23:49 2022-03-10T02:27:49 1 2022-03-10T02:23:49 2022-03-10T02:27:49 0.06666666666666667 0.0 0.0 0.0 0.0 0.06666666666666667 0.06666666666666667
CNTAC 108 2022-03-09 False False TIC262414864 False TIC262414864 False 108.70387805 False -21.59894 False FEROS.2022-03-10T02:28:10.266 False ESO-2.2m FEROS 0108.A-9007(A) 0108.A-9007(A) "Vines, José" SCIENCE ECHELLE False OBJECT,WAVE False 500.041 "" False TIC262414864 1000165333 1.1105 False 0.92 False 17 2022-03-10T02:23:49 2022-03-10T01:37:30 2 2022-03-10T02:27:49 2022-03-10T01:37:30 1 2022-03-10T01:28:10 2022-03-10T01:37:30 0.0 0.0 0.0 0.0 0.0 0.0 -0.8386111111111111
Downtime 108 2022-03-09 False True IDLE False "" True 0.0 True 0.0 True "" True ESO-2.2m IDLE IDLE/NIGHT IDLE/NIGHT 0.0 IDLE "" True "" True 0.0 "" False Telescope_Idle 0 0.0 True 0.0 True 58 2022-03-10T02:29:10 2022-03-10T03:27:57 0 2022-03-10T02:29:10 2022-03-10T03:27:57 0 2022-03-10T02:29:10 2022-03-10T03:27:57 0.9797222222222223 0.0 0.0 0.0 0.0 0.9797222222222223 0.9797222222222223
CNTAC 108 2022-03-09 False False TIC-300139756 False TIC-300139756 False 108.540845 False -68.20313 False "" True ESO-2.2m FEROS 0108.A-9008(A) 0108.A-9008(A) "Moyano D’Angelo, Maximiliano" ACQUISITION "" True "" True 0.0 "" True TIC-300139756 1000132940 1.384 False 1.04 False 18 2022-03-10T02:37:18 2022-03-10T02:12:39 1 2022-03-10T02:37:18 2022-03-10T02:41:18 1 2022-03-10T02:37:18 2022-03-10T02:41:18 0.06666666666666667 0.0 0.0 0.0 0.0 0.06666666666666667 0.06666666666666667
CNTAC 108 2022-03-09 False False TIC-300139756 False TIC-300139756 False 108.540845 False -68.20313 False FEROS.2022-03-10T02:41:39.235 False ESO-2.2m FEROS 0108.A-9008(A) 0108.A-9008(A) "Moyano D’Angelo, Maximiliano" SCIENCE ECHELLE False OBJECT,WAVE False 1800.041 "" False TIC-300139756 1000132940 1.384 False 1.04 False 18 2022-03-10T02:37:18 2022-03-10T02:12:39 2 2022-03-10T02:41:18 2022-03-10T02:12:39 1 2022-03-10T01:41:39 2022-03-10T02:12:39 0.0 0.0 0.0 0.0 0.0 0.0 -0.4775
Downtime 108 2022-03-09 False True IDLE False "" True 0.0 True 0.0 True "" True ESO-2.2m IDLE IDLE/NIGHT IDLE/NIGHT 0.0 IDLE "" True "" True 0.0 "" False Telescope_Idle 0 0.0 True 0.0 True 57 2022-03-10T02:58:18 2022-03-10T03:57:09 0 2022-03-10T02:58:18 2022-03-10T03:57:09 0 2022-03-10T02:58:18 2022-03-10T03:57:09 0.9808333333333333 0.4275 0.0 0.0 0.0 0.9808333333333333 0.9808333333333333
MPIA/A 108 2022-03-09 False False HD59659 False HD59659 False 112.10624111 False -49.13161 False "" True ESO-2.2m FEROS 0108.A-9014(A) 0108.A-9014(A) "Zakhozhay, Olga" ACQUISITION "" True "" True 0.0 "" True HD59659 1000148421 1.2055 False 1.6 False 19 2022-03-10T03:10:19 2022-03-10T02:29:10 1 2022-03-10T03:10:19 2022-03-10T03:14:19 1 2022-03-10T03:10:19 2022-03-10T03:14:19 0.06666666666666667 0.0 0.0 0.0 0.0 0.06666666666666667 0.06666666666666667
MPIA/A 108 2022-03-09 False False HD59659 False HD59659 False 112.10624111 False -49.13161 False FEROS.2022-03-10T03:14:40.183 False ESO-2.2m FEROS 0108.A-9014(A) 0108.A-9014(A) "Zakhozhay, Olga" SCIENCE ECHELLE False OBJECT,WAVE False 810.041 "" False HD59659 1000148421 1.2055 False 1.6 False 19 2022-03-10T03:10:19 2022-03-10T02:29:10 2 2022-03-10T03:14:19 2022-03-10T02:29:10 1 2022-03-10T02:14:40 2022-03-10T02:29:10 0.0 0.0 0.0 0.0 0.0 0.0 -0.7525
Downtime 108 2022-03-09 False True IDLE False "" True 0.0 True 0.0 True "" True ESO-2.2m IDLE IDLE/NIGHT IDLE/NIGHT 0.0 IDLE "" True "" True 0.0 "" False Telescope_Idle 0 0.0 True 0.0 True 56 2022-03-10T03:10:59 2022-03-10T04:09:57 0 2022-03-10T03:10:59 2022-03-10T04:09:57 0 2022-03-10T03:10:59 2022-03-10T04:09:57 0.9827777777777778 0.6408333333333334 0.0 0.0 0.0 0.9827777777777778 0.9827777777777778
MPIA/A 108 2022-03-09 False False TIC309292963 False TIC309292963 False 124.31301111 False -60.01292 False "" True ESO-2.2m FEROS 0108.A-9003(A) 0108.A-9003(A) "Hobson, Melissa" ACQUISITION "" True "" True 0.0 "" True TIC309292963 1000155065 1.2490001 False 1.1800001 False 20 2022-03-10T03:27:57 2022-03-10T02:58:18 1 2022-03-10T03:27:57 2022-03-10T03:31:57 1 2022-03-10T03:27:57 2022-03-10T03:31:57 0.06666666666666667 0.0075 0.0 0.0 0.0 0.06666666666666667 0.06666666666666667
MPIA/A 108 2022-03-09 False False TIC309292963 False TIC309292963 False 124.31301111 False -60.01292 False FEROS.2022-03-10T03:32:18.298 False ESO-2.2m FEROS 0108.A-9003(A) 0108.A-9003(A) "Hobson, Melissa" SCIENCE ECHELLE False OBJECT,WAVE False 1500.041 "" False TIC309292963 1000155065 1.2490001 False 1.1800001 False 20 2022-03-10T03:27:57 2022-03-10T02:58:18 2 2022-03-10T03:31:57 2022-03-10T02:58:18 1 2022-03-10T02:32:18 2022-03-10T02:58:18 0.0 0.0 0.0 0.0 0.0 0.0 -0.5608333333333333
Downtime 108 2022-03-09 False True IDLE False "" True 0.0 True 0.0 True "" True ESO-2.2m IDLE IDLE/NIGHT IDLE/NIGHT 0.0 IDLE "" True "" True 0.0 "" False Telescope_Idle 0 0.0 True 0.0 True 55 2022-03-10T03:30:17 2022-03-10T04:28:13 0 2022-03-10T03:30:17 2022-03-10T04:28:13 0 2022-03-10T03:30:17 2022-03-10T04:28:13 0.9655555555555555 0.9452777777777778 0.0 0.0 0.0 0.9655555555555555 0.9655555555555555
Downtime 108 2022-03-09 False True IDLE False "" True 0.0 True 0.0 True "" True ESO-2.2m IDLE IDLE/NIGHT IDLE/NIGHT 0.0 IDLE "" True "" True 0.0 "" False Telescope_Idle 0 0.0 True 0.0 True 54 2022-03-10T03:47:04 2022-03-10T04:45:30 0 2022-03-10T03:47:04 2022-03-10T04:45:30 0 2022-03-10T03:47:04 2022-03-10T04:45:30 0.9738888888888889 0.9738888888888889 0.0 0.0 0.0 0.9738888888888889 0.9738888888888889
MPIA/A 108 2022-03-09 False False HD76151 False HD76151 False 133.56093305 False -5.4181 False "" True ESO-2.2m FEROS 0108.A-9014(A) 0108.A-9014(A) "Zakhozhay, Olga" ACQUISITION "" True "" True 0.0 "" True HD76151 1000148415 1.2075 False 0.895 False 21 2022-03-10T03:57:09 2022-03-10T03:10:59 1 2022-03-10T03:57:09 2022-03-10T04:01:09 1 2022-03-10T03:57:09 2022-03-10T04:01:09 0.06666666666666667 0.06666666666666667 0.0 0.0 0.0 0.06666666666666667 0.06666666666666667
MPIA/A 108 2022-03-09 False False HD76151 False HD76151 False 133.56093305 False -5.4181 False FEROS.2022-03-10T04:01:29.820 False ESO-2.2m FEROS 0108.A-9014(A) 0108.A-9014(A) "Zakhozhay, Olga" SCIENCE ECHELLE False OBJECT,WAVE False 510.041 "" False HD76151 1000148415 1.2075 False 0.895 False 21 2022-03-10T03:57:09 2022-03-10T03:10:59 2 2022-03-10T04:01:09 2022-03-10T03:10:59 1 2022-03-10T03:01:29 2022-03-10T03:10:59 0.0 0.0 0.0 0.0 0.0 0.0 -0.8361111111111111
MPIA/A 108 2022-03-09 False False HD76748 False HD76748 False 133.68274805 False -63.68494 False "" True ESO-2.2m FEROS 0108.A-9014(A) 0108.A-9014(A) "Zakhozhay, Olga" ACQUISITION "" True "" True 0.0 "" True HD76748 1000148409 1.293 False 0.885 False 22 2022-03-10T04:09:57 2022-03-10T03:30:17 1 2022-03-10T04:09:57 2022-03-10T04:13:57 1 2022-03-10T04:09:57 2022-03-10T04:13:57 0.06666666666666667 0.06666666666666667 0.0 0.0 0.0 0.06666666666666667 0.06666666666666667
MPIA/A 108 2022-03-09 False False HD76748 False HD76748 False 133.68274805 False -63.68494 False FEROS.2022-03-10T04:14:17.614 False ESO-2.2m FEROS 0108.A-9014(A) 0108.A-9014(A) "Zakhozhay, Olga" SCIENCE ECHELLE False OBJECT,WAVE False 900.042 "" False HD76748 1000148409 1.293 False 0.885 False 22 2022-03-10T04:09:57 2022-03-10T03:30:17 2 2022-03-10T04:13:57 2022-03-10T03:30:17 1 2022-03-10T03:14:17 2022-03-10T03:30:17 0.0 0.0 0.0 0.0 0.0 0.0 -0.7277777777777777
Downtime 108 2022-03-09 False True IDLE False "" True 0.0 True 0.0 True "" True ESO-2.2m IDLE IDLE/NIGHT IDLE/NIGHT 0.0 IDLE "" True "" True 0.0 "" False Telescope_Idle 0 0.0 True 0.0 True 53 2022-03-10T04:15:51 2022-03-10T05:14:20 0 2022-03-10T04:15:51 2022-03-10T05:14:20 0 2022-03-10T04:15:51 2022-03-10T05:14:20 0.9747222222222223 0.9747222222222223 0.0 0.0 0.0 0.9747222222222223 0.9747222222222223
Downtime 108 2022-03-09 False True IDLE False "" True 0.0 True 0.0 True "" True ESO-2.2m IDLE IDLE/NIGHT IDLE/NIGHT 0.0 IDLE "" True "" True 0.0 "" False Telescope_Idle 0 0.0 True 0.0 True 52 2022-03-10T04:28:01 2022-03-10T05:27:11 0 2022-03-10T04:28:01 2022-03-10T05:27:11 0 2022-03-10T04:28:01 2022-03-10T05:27:11 0.9861111111111112 0.9861111111111112 0.0 0.0 0.0 0.9861111111111112 0.9861111111111112
MPIA/A 108 2022-03-09 False False HD84075 False HD84075 False 144.00804805 False -78.3266 False "" True ESO-2.2m FEROS 0108.A-9014(A) 0108.A-9014(A) "Zakhozhay, Olga" ACQUISITION "" True "" True 0.0 "" True HD84075 1000148406 1.5615001 False 0.72 False 23 2022-03-10T04:28:13 2022-03-10T03:47:04 1 2022-03-10T04:28:13 2022-03-10T04:32:13 1 2022-03-10T04:28:13 2022-03-10T04:32:13 0.06666666666666667 0.06666666666666667 0.0 0.0 0.0 0.06666666666666667 0.06666666666666667
MPIA/A 108 2022-03-09 False False HD84075 False HD84075 False 144.00804805 False -78.3266 False FEROS.2022-03-10T04:32:34.424 False ESO-2.2m FEROS 0108.A-9014(A) 0108.A-9014(A) "Zakhozhay, Olga" SCIENCE ECHELLE False OBJECT,WAVE False 810.042 "" False HD84075 1000148406 1.5615001 False 0.72 False 23 2022-03-10T04:28:13 2022-03-10T03:47:04 2 2022-03-10T04:32:13 2022-03-10T03:47:04 1 2022-03-10T03:32:34 2022-03-10T03:47:04 0.0 0.0 0.0 0.0 0.0 0.0 -0.7525
MPIA/A 108 2022-03-09 False False TIC133512515 False TIC133512515 False 150.00109194 False -53.4432 False "" True ESO-2.2m FEROS 0108.A-9003(A) 0108.A-9003(A) "Hobson, Melissa" ACQUISITION "" True "" True 0.0 "" True TIC133512515 1000155085 1.1524999 False 0.72 False 24 2022-03-10T04:45:30 2022-03-10T04:15:51 1 2022-03-10T04:45:30 2022-03-10T04:49:30 1 2022-03-10T04:45:30 2022-03-10T04:49:30 0.06666666666666667 0.06666666666666667 0.0 0.0 0.0 0.06666666666666667 0.06666666666666667
MPIA/A 108 2022-03-09 False False TIC133512515 False TIC133512515 False 150.00109194 False -53.4432 False FEROS.2022-03-10T04:49:51.089 False ESO-2.2m FEROS 0108.A-9003(A) 0108.A-9003(A) "Hobson, Melissa" SCIENCE ECHELLE False OBJECT,WAVE False 1500.041 "" False TIC133512515 1000155085 1.1524999 False 0.72 False 24 2022-03-10T04:45:30 2022-03-10T04:15:51 2 2022-03-10T04:49:30 2022-03-10T04:15:51 1 2022-03-10T03:49:51 2022-03-10T04:15:51 0.0 0.0 0.0 0.0 0.0 0.0 -0.5608333333333333
Downtime 108 2022-03-09 False True IDLE False "" True 0.0 True 0.0 True "" True ESO-2.2m IDLE IDLE/NIGHT IDLE/NIGHT 0.0 IDLE "" True "" True 0.0 "" False Telescope_Idle 0 0.0 True 0.0 True 51 2022-03-10T04:57:32 2022-03-10T05:56:31 0 2022-03-10T04:57:32 2022-03-10T05:56:31 0 2022-03-10T04:57:32 2022-03-10T05:56:31 0.9830555555555556 0.9830555555555556 0.0 0.0 0.0 0.9830555555555556 0.9830555555555556
CNTAC 108 2022-03-09 False False TIC219246401 False TIC219246401 False 171.45716 False -22.47561 False "" True ESO-2.2m FEROS 0108.A-9007(A) 0108.A-9007(A) "Vines, José" ACQUISITION "" True "" True 0.0 "" True TIC219246401 1000165336 1.0139999 False 0.69500005 False 25 2022-03-10T05:14:20 2022-03-10T04:28:01 1 2022-03-10T05:14:20 2022-03-10T05:18:20 1 2022-03-10T05:14:20 2022-03-10T05:18:20 0.06666666666666667 0.06666666666666667 0.0 0.0 0.0 0.06666666666666667 0.06666666666666667
CNTAC 108 2022-03-09 False False TIC219246401 False TIC219246401 False 171.45716 False -22.47561 False FEROS.2022-03-10T05:18:41.599 False ESO-2.2m FEROS 0108.A-9007(A) 0108.A-9007(A) "Vines, José" SCIENCE ECHELLE False OBJECT,WAVE False 500.042 "" False TIC219246401 1000165336 1.0139999 False 0.69500005 False 25 2022-03-10T05:14:20 2022-03-10T04:28:01 2 2022-03-10T05:18:20 2022-03-10T04:28:01 1 2022-03-10T04:18:41 2022-03-10T04:28:01 0.0 0.0 0.0 0.0 0.0 0.0 -0.8386111111111111
Downtime 108 2022-03-09 False True IDLE False "" True 0.0 True 0.0 True "" True ESO-2.2m IDLE IDLE/NIGHT IDLE/NIGHT 0.0 IDLE "" True "" True 0.0 "" False Telescope_Idle 0 0.0 True 0.0 True 50 2022-03-10T05:26:52 2022-03-10T06:26:08 0 2022-03-10T05:26:52 2022-03-10T06:26:08 0 2022-03-10T05:26:52 2022-03-10T06:26:08 0.9877777777777778 0.9877777777777778 0.0 0.0 0.0 0.9877777777777778 0.9877777777777778
MPIA/A 108 2022-03-09 False False TIC322807371 False TIC322807371 False 173.70337305 False -24.5887 False "" True ESO-2.2m FEROS 0108.A-9003(A) 0108.A-9003(A) "Hobson, Melissa" ACQUISITION "" True "" True 0.0 "" True TIC322807371 1000155095 1.0174999 False 0.67 False 26 2022-03-10T05:27:11 2022-03-10T04:57:32 1 2022-03-10T05:27:11 2022-03-10T05:31:11 1 2022-03-10T05:27:11 2022-03-10T05:31:11 0.06666666666666667 0.06666666666666667 0.0 0.0 0.0 0.06666666666666667 0.06666666666666667
MPIA/A 108 2022-03-09 False False TIC322807371 False TIC322807371 False 173.70337305 False -24.5887 False FEROS.2022-03-10T05:31:32.233 False ESO-2.2m FEROS 0108.A-9003(A) 0108.A-9003(A) "Hobson, Melissa" SCIENCE ECHELLE False OBJECT,WAVE False 1500.042 "" False TIC322807371 1000155095 1.0174999 False 0.67 False 26 2022-03-10T05:27:11 2022-03-10T04:57:32 2 2022-03-10T05:31:11 2022-03-10T04:57:32 1 2022-03-10T04:31:32 2022-03-10T04:57:32 0.0 0.0 0.0 0.0 0.0 0.0 -0.5608333333333333
Downtime 108 2022-03-09 False True IDLE False "" True 0.0 True 0.0 True "" True ESO-2.2m IDLE IDLE/NIGHT IDLE/NIGHT 0.0 IDLE "" True "" True 0.0 "" False Telescope_Idle 0 0.0 True 0.0 True 49 2022-03-10T05:56:28 2022-03-10T06:56:27 0 2022-03-10T05:56:28 2022-03-10T06:56:27 0 2022-03-10T05:56:28 2022-03-10T06:56:27 0.9997222222222222 0.9997222222222222 0.0 0.0 0.0 0.9997222222222222 0.9997222222222222
MPIA/A 108 2022-03-09 False False TIC398466662 False TIC398466662 False 179.92065805 False -59.15592 False "" True ESO-2.2m FEROS 0108.A-9003(A) 0108.A-9003(A) "Hobson, Melissa" ACQUISITION "" True "" True 0.0 "" True TIC398466662 1000148272 1.166 False 0.63 False 27 2022-03-10T05:56:31 2022-03-10T05:26:52 1 2022-03-10T05:56:31 2022-03-10T06:00:31 1 2022-03-10T05:56:31 2022-03-10T06:00:31 0.06666666666666667 0.06666666666666667 0.0 0.0 0.0 0.06666666666666667 0.06666666666666667
MPIA/A 108 2022-03-09 False False TIC398466662 False TIC398466662 False 179.92065805 False -59.15592 False FEROS.2022-03-10T06:00:52.406 False ESO-2.2m FEROS 0108.A-9003(A) 0108.A-9003(A) "Hobson, Melissa" SCIENCE ECHELLE False OBJECT,WAVE False 1500.041 "" False TIC398466662 1000148272 1.166 False 0.63 False 27 2022-03-10T05:56:31 2022-03-10T05:26:52 2 2022-03-10T06:00:31 2022-03-10T05:26:52 1 2022-03-10T05:00:52 2022-03-10T05:26:52 0.0 0.0 0.0 0.0 0.0 0.0 -0.5608333333333333
MPIA/A 108 2022-03-09 False False TIC347715478 False TIC347715478 False 182.839855 False -11.98061 False "" True ESO-2.2m FEROS 0108.A-9003(A) 0108.A-9003(A) "Hobson, Melissa" ACQUISITION "" True "" True 0.0 "" True TIC347715478 1000148282 1.0864999 False 0.635 False 28 2022-03-10T06:26:08 2022-03-10T05:56:28 1 2022-03-10T06:26:08 2022-03-10T06:30:08 1 2022-03-10T06:26:08 2022-03-10T06:30:08 0.06666666666666667 0.06666666666666667 0.0 0.0 0.0 0.06666666666666667 0.06666666666666667
MPIA/A 108 2022-03-09 False False TIC347715478 False TIC347715478 False 182.839855 False -11.98061 False FEROS.2022-03-10T06:30:28.681 False ESO-2.2m FEROS 0108.A-9003(A) 0108.A-9003(A) "Hobson, Melissa" SCIENCE ECHELLE False OBJECT,WAVE False 1500.041 "" False TIC347715478 1000148282 1.0864999 False 0.635 False 28 2022-03-10T06:26:08 2022-03-10T05:56:28 2 2022-03-10T06:30:08 2022-03-10T05:56:28 1 2022-03-10T05:30:28 2022-03-10T05:56:28 0.0 0.0 0.0 0.0 0.0 0.0 -0.5611111111111111
Downtime 108 2022-03-09 False True IDLE False "" True 0.0 True 0.0 True "" True ESO-2.2m IDLE IDLE/NIGHT IDLE/NIGHT 0.0 IDLE "" True "" True 0.0 "" False Telescope_Idle 0 0.0 True 0.0 True 48 2022-03-10T06:26:48 2022-03-10T07:25:03 0 2022-03-10T06:26:48 2022-03-10T07:25:03 0 2022-03-10T06:26:48 2022-03-10T07:25:03 0.9708333333333333 0.9708333333333333 0.0 0.0 0.0 0.9708333333333333 0.9708333333333333
Downtime 108 2022-03-09 False True IDLE False "" True 0.0 True 0.0 True "" True ESO-2.2m IDLE IDLE/NIGHT IDLE/NIGHT 0.0 IDLE "" True "" True 0.0 "" False Telescope_Idle 0 0.0 True 0.0 True 47 2022-03-10T06:40:23 2022-03-10T07:38:19 0 2022-03-10T06:40:23 2022-03-10T07:38:19 0 2022-03-10T06:40:23 2022-03-10T07:38:19 0.9655555555555555 0.9655555555555555 0.0 0.0 0.0 0.9655555555555555 0.9655555555555555
MPIA/A 108 2022-03-09 False False TIC20579360 False TIC20579360 False 201.15718 False -19.87911 False "" True ESO-2.2m FEROS 0108.A-9003(A) 0108.A-9003(A) "Hobson, Melissa" ACQUISITION "" True "" True 0.0 "" True TIC20579360 1000164582 1.0185001 False 0.78499997 False 29 2022-03-10T06:56:27 2022-03-10T06:26:48 1 2022-03-10T06:56:27 2022-03-10T07:00:27 1 2022-03-10T06:56:27 2022-03-10T07:00:27 0.06666666666666667 0.06666666666666667 0.0 0.0 0.0 0.06666666666666667 0.06666666666666667
MPIA/A 108 2022-03-09 False False TIC20579360 False TIC20579360 False 201.15718 False -19.87911 False FEROS.2022-03-10T07:00:48.371 False ESO-2.2m FEROS 0108.A-9003(A) 0108.A-9003(A) "Hobson, Melissa" SCIENCE ECHELLE False OBJECT,WAVE False 1500.042 "" False TIC20579360 1000164582 1.0185001 False 0.78499997 False 29 2022-03-10T06:56:27 2022-03-10T06:26:48 2 2022-03-10T07:00:27 2022-03-10T06:26:48 1 2022-03-10T06:00:48 2022-03-10T06:26:48 0.0 0.0 0.0 0.0 0.0 0.0 -0.5608333333333333
Downtime 108 2022-03-09 False True IDLE False "" True 0.0 True 0.0 True "" True ESO-2.2m IDLE IDLE/NIGHT IDLE/NIGHT 0.0 IDLE "" True "" True 0.0 "" False Telescope_Idle 0 0.0 True 0.0 True 46 2022-03-10T06:57:10 2022-03-10T07:56:03 0 2022-03-10T06:57:10 2022-03-10T07:56:03 0 2022-03-10T06:57:10 2022-03-10T07:56:03 0.9813888888888889 0.9813888888888889 0.0 0.0 0.0 0.9813888888888889 0.9813888888888889
Downtime 108 2022-03-09 False True IDLE False "" True 0.0 True 0.0 True "" True ESO-2.2m IDLE IDLE/NIGHT IDLE/NIGHT 0.0 IDLE "" True "" True 0.0 "" False Telescope_Idle 0 0.0 True 0.0 True 45 2022-03-10T07:06:24 2022-03-10T08:04:49 0 2022-03-10T07:06:24 2022-03-10T08:04:49 0 2022-03-10T07:06:24 2022-03-10T08:04:49 0.9736111111111111 0.9736111111111111 0.0 0.0 0.0 0.9736111111111111 0.9736111111111111
Downtime 108 2022-03-09 False True IDLE False "" True 0.0 True 0.0 True "" True ESO-2.2m IDLE IDLE/NIGHT IDLE/NIGHT 0.0 IDLE "" True "" True 0.0 "" False Telescope_Idle 0 0.0 True 0.0 True 44 2022-03-10T07:18:40 2022-03-10T08:16:31 0 2022-03-10T07:18:40 2022-03-10T08:16:31 0 2022-03-10T07:18:40 2022-03-10T08:16:31 0.9641666666666666 0.9641666666666666 0.0 0.0 0.0 0.9641666666666666 0.9641666666666666
MPIA/A 108 2022-03-09 False False TIC258917846 False TIC258917846 False 197.895585 False -47.43671 False "" True ESO-2.2m FEROS 0108.A-9003(A) 0108.A-9003(A) "Hobson, Melissa" ACQUISITION "" True "" True 0.0 "" True TIC258917846 1000164577 1.072 False 0.875 False 30 2022-03-10T07:25:03 2022-03-10T06:40:23 1 2022-03-10T07:25:03 2022-03-10T07:29:03 1 2022-03-10T07:25:03 2022-03-10T07:29:03 0.06666666666666667 0.06666666666666667 0.0 0.0 0.0 0.06666666666666667 0.06666666666666667
MPIA/A 108 2022-03-09 False False TIC258917846 False TIC258917846 False 197.895585 False -47.43671 False FEROS.2022-03-10T07:29:23.849 False ESO-2.2m FEROS 0108.A-9003(A) 0108.A-9003(A) "Hobson, Melissa" SCIENCE ECHELLE False OBJECT,WAVE False 600.042 "" False TIC258917846 1000164577 1.072 False 0.875 False 30 2022-03-10T07:25:03 2022-03-10T06:40:23 2 2022-03-10T07:29:03 2022-03-10T06:40:23 1 2022-03-10T06:29:23 2022-03-10T06:40:23 0.0 0.0 0.0 0.0 0.0 0.0 -0.8111111111111111
Downtime 108 2022-03-09 False True IDLE False "" True 0.0 True 0.0 True "" True ESO-2.2m IDLE IDLE/NIGHT IDLE/NIGHT 0.0 IDLE "" True "" True 0.0 "" False Telescope_Idle 0 0.0 True 0.0 True 43 2022-03-10T07:36:52 2022-03-10T08:34:26 0 2022-03-10T07:36:52 2022-03-10T08:34:26 0 2022-03-10T07:36:52 2022-03-10T08:34:26 0.9594444444444444 0.9594444444444444 0.0 0.0 0.0 0.9594444444444444 0.9594444444444444
MPIA/A 108 2022-03-09 False False HD114082 False HD114082 False 197.29243694 False -60.29067 False "" True ESO-2.2m FEROS 0108.A-9014(A) 0108.A-9014(A) "Zakhozhay, Olga" ACQUISITION "" True "" True 0.0 "" True HD114082 1000148475 1.197 False 0.915 False 31 2022-03-10T07:38:19 2022-03-10T06:57:10 1 2022-03-10T07:38:19 2022-03-10T07:42:19 1 2022-03-10T07:38:19 2022-03-10T07:42:19 0.06666666666666667 0.06666666666666667 0.0 0.0 0.0 0.06666666666666667 0.06666666666666667
MPIA/A 108 2022-03-09 False False HD114082 False HD114082 False 197.29243694 False -60.29067 False FEROS.2022-03-10T07:42:40.056 False ESO-2.2m FEROS 0108.A-9014(A) 0108.A-9014(A) "Zakhozhay, Olga" SCIENCE ECHELLE False OBJECT,WAVE False 810.042 "" False HD114082 1000148475 1.197 False 0.915 False 31 2022-03-10T07:38:19 2022-03-10T06:57:10 2 2022-03-10T07:42:19 2022-03-10T06:57:10 1 2022-03-10T06:42:40 2022-03-10T06:57:10 0.0 0.0 0.0 0.0 0.0 0.0 -0.7525
Downtime 108 2022-03-09 False True IDLE False "" True 0.0 True 0.0 True "" True ESO-2.2m IDLE IDLE/NIGHT IDLE/NIGHT 0.0 IDLE "" True "" True 0.0 "" False Telescope_Idle 0 0.0 True 0.0 True 42 2022-03-10T07:54:46 2022-03-10T08:56:11 0 2022-03-10T07:54:46 2022-03-10T08:56:11 0 2022-03-10T07:54:46 2022-03-10T08:56:11 1.023611111111111 1.023611111111111 0.0 0.0 0.0 1.023611111111111 1.023611111111111
MPIA/A 108 2022-03-09 False False HD125451 False HD125451 False 214.80903111 False 13.01848 False "" True ESO-2.2m FEROS 0108.A-9014(A) 0108.A-9014(A) "Zakhozhay, Olga" ACQUISITION "" True "" True 0.0 "" True HD125451 1000148469 1.3545 False 1.03 False 32 2022-03-10T07:56:03 2022-03-10T07:06:24 1 2022-03-10T07:56:03 2022-03-10T08:00:03 1 2022-03-10T07:56:03 2022-03-10T08:00:03 0.06666666666666667 0.06666666666666667 0.0 0.0 0.0 0.06666666666666667 0.06666666666666667
MPIA/A 108 2022-03-09 False False HD125451 False HD125451 False 214.80903111 False 13.01848 False FEROS.2022-03-10T08:00:24.143 False ESO-2.2m FEROS 0108.A-9014(A) 0108.A-9014(A) "Zakhozhay, Olga" SCIENCE ECHELLE False OBJECT,WAVE False 300.042 "" False HD125451 1000148469 1.3545 False 1.03 False 32 2022-03-10T07:56:03 2022-03-10T07:06:24 2 2022-03-10T08:00:03 2022-03-10T07:06:24 1 2022-03-10T07:00:24 2022-03-10T07:06:24 0.0 0.0 0.0 0.0 0.0 0.0 -0.8941666666666667
Downtime 108 2022-03-09 False True IDLE False "" True 0.0 True 0.0 True "" True ESO-2.2m IDLE IDLE/NIGHT IDLE/NIGHT 0.0 IDLE "" True "" True 0.0 "" False Telescope_Idle 0 0.0 True 0.0 True 41 2022-03-10T08:04:00 2022-03-10T09:03:36 0 2022-03-10T08:04:00 2022-03-10T09:03:36 0 2022-03-10T08:04:00 2022-03-10T09:03:36 0.9933333333333333 0.9933333333333333 0.0 0.0 0.0 0.9933333333333333 0.9933333333333333
MPIA/A 108 2022-03-09 False False HD118972 False HD118972 False 205.25595611 False -34.44757 False "" True ESO-2.2m FEROS 0108.A-9014(A) 0108.A-9014(A) "Zakhozhay, Olga" ACQUISITION "" True "" True 0.0 "" True HD118972 1000148472 1.0335 False 0.885 False 33 2022-03-10T08:04:49 2022-03-10T07:18:40 1 2022-03-10T08:04:49 2022-03-10T08:08:49 1 2022-03-10T08:04:49 2022-03-10T08:08:49 0.06666666666666667 0.06666666666666667 0.0 0.0 0.0 0.06666666666666667 0.06666666666666667
MPIA/A 108 2022-03-09 False False HD118972 False HD118972 False 205.25595611 False -34.44757 False FEROS.2022-03-10T08:09:10.251 False ESO-2.2m FEROS 0108.A-9014(A) 0108.A-9014(A) "Zakhozhay, Olga" SCIENCE ECHELLE False OBJECT,WAVE False 510.042 "" False HD118972 1000148472 1.0335 False 0.885 False 33 2022-03-10T08:04:49 2022-03-10T07:18:40 2 2022-03-10T08:08:49 2022-03-10T07:18:40 1 2022-03-10T07:09:10 2022-03-10T07:18:40 0.0 0.0 0.0 0.0 0.0 0.0 -0.8358333333333333
MPIA/A 108 2022-03-09 False False HD134910 False HD134910 False 228.44484 False -40.39975 False "" True ESO-2.2m FEROS 0108.A-9014(A) 0108.A-9014(A) "Zakhozhay, Olga" ACQUISITION "" True "" True 0.0 "" True HD134910 1000148547 1.0205 False 0.69 False 34 2022-03-10T08:16:31 2022-03-10T07:36:52 1 2022-03-10T08:16:31 2022-03-10T08:20:31 1 2022-03-10T08:16:31 2022-03-10T08:20:31 0.06666666666666667 0.06666666666666667 0.0 0.0 0.0 0.06666666666666667 0.06666666666666667
MPIA/A 108 2022-03-09 False False HD134910 False HD134910 False 228.44484 False -40.39975 False FEROS.2022-03-10T08:20:52.248 False ESO-2.2m FEROS 0108.A-9014(A) 0108.A-9014(A) "Zakhozhay, Olga" SCIENCE ECHELLE False OBJECT,WAVE False 900.042 "" False HD134910 1000148547 1.0205 False 0.69 False 34 2022-03-10T08:16:31 2022-03-10T07:36:52 2 2022-03-10T08:20:31 2022-03-10T07:36:52 1 2022-03-10T07:20:52 2022-03-10T07:36:52 0.0 0.0 0.0 0.0 0.0 0.0 -0.7275
Downtime 108 2022-03-09 False True IDLE False "" True 0.0 True 0.0 True "" True ESO-2.2m IDLE IDLE/NIGHT IDLE/NIGHT 0.0 IDLE "" True "" True 0.0 "" False Telescope_Idle 0 0.0 True 0.0 True 40 2022-03-10T08:34:16 2022-03-10T09:20:13 0 2022-03-10T08:34:16 2022-03-10T09:20:13 0 2022-03-10T08:34:16 2022-03-10T09:20:13 0.7658333333333334 0.7658333333333334 0.0 0.0 0.0 0.7658333333333334 0.7658333333333334
MPIA/A 108 2022-03-09 False False HD135953 False HD135953 False 229.75945805 False -36.3451 False "" True ESO-2.2m FEROS 0108.A-9014(A) 0108.A-9014(A) "Zakhozhay, Olga" ACQUISITION "" True "" True 0.0 "" True HD135953 1000148544 1.008 False 0.735 False 35 2022-03-10T08:34:26 2022-03-10T07:54:46 1 2022-03-10T08:34:26 2022-03-10T08:38:26 1 2022-03-10T08:34:26 2022-03-10T08:38:26 0.06666666666666667 0.06666666666666667 0.0 0.0 0.0 0.06666666666666667 0.06666666666666667
MPIA/A 108 2022-03-09 False False HD135953 False HD135953 False 229.75945805 False -36.3451 False FEROS.2022-03-10T08:38:46.826 False ESO-2.2m FEROS 0108.A-9014(A) 0108.A-9014(A) "Zakhozhay, Olga" SCIENCE ECHELLE False OBJECT,WAVE False 900.041 "" False HD135953 1000148544 1.008 False 0.735 False 35 2022-03-10T08:34:26 2022-03-10T07:54:46 2 2022-03-10T08:38:26 2022-03-10T07:54:46 1 2022-03-10T07:38:46 2022-03-10T07:54:46 0.0 0.0 0.0 0.0 0.0 0.0 -0.7277777777777777
Calib 108 2022-03-09 False False FOCUS False DUMMY False 234.24949388 False -30.17719 False WFI.2022-03-10T08:57:31.897 False ESO-2.2m WFI 60.A-9120(A) 60.A-9120(A) Service CALIB TEL-THROUGH False FOCUS False 9.848 BB#RC/162_ESO844 False focusCurrentFiltre 100119956 1.0005 False 0.78 False 36 2022-03-10T08:56:11 2022-03-10T08:04:00 1 2022-03-10T08:56:11 2022-03-10T08:04:00 1 2022-03-10T07:57:31 2022-03-10T08:04:00 0.0 0.0 0.0 0.0 0.0 0.0 -0.8697222222222222
External 108 2022-03-09 False True SKY False J1537-3010 True 234.35493111 True -30.17054 True WFI.2022-03-10T09:04:10.042 False ESO-2.2m WFI 0108.A-9005(A) 0108.A-9005(A) "Courbin, Frédéric" ACQUISITION IMAGE False SKY False 59.991 BB#RC/162_ESO844 False J1537-3010 1746213 1.0 True 0.63 True 37 2022-03-10T09:03:36 2022-03-10T08:34:16 1 2022-03-10T09:03:36 2022-03-10T09:07:17 1 2022-03-10T08:04:10 2022-03-10T08:06:09 0.06138888888888889 0.06138888888888889 0.0 0.0 0.0 0.06138888888888889 0.06138888888888889
External 108 2022-03-09 False False J1537-3010 False J1537-3010 False 234.38362194 False -30.18083 False WFI.2022-03-10T09:07:37.595 False ESO-2.2m WFI 0108.A-9005(A) 0108.A-9005(A) "Courbin, Frédéric" SCIENCE IMAGE False OBJECT False 319.917 BB#RC/162_ESO844 False J1537-3010 1746213 1.0005 False 0.655 False 37 2022-03-10T09:03:36 2022-03-10T08:34:16 2 2022-03-10T09:07:17 2022-03-10T08:34:16 1 2022-03-10T08:07:37 2022-03-10T08:13:56 0.0 0.0 0.0 0.0 0.0 0.0 -0.5502777777777778
External 108 2022-03-09 False False J1537-3010 False J1537-3010 False 234.38763 False -30.18083 False WFI.2022-03-10T09:14:28.641 False ESO-2.2m WFI 0108.A-9005(A) 0108.A-9005(A) "Courbin, Frédéric" SCIENCE IMAGE False OBJECT False 319.918 BB#RC/162_ESO844 False J1537-3010 1746213 1.0015 False 0.68 False 37 2022-03-10T09:03:36 2022-03-10T08:34:16 2 2022-03-10T09:07:17 2022-03-10T08:34:16 2 2022-03-10T08:14:28 2022-03-10T08:20:47 0.0 0.0 0.0 0.0 0.0 0.0 -0.0
External 108 2022-03-09 False False J1537-3010 False J1537-3010 False 234.38547611 False -30.17906 False WFI.2022-03-10T09:21:17.636 False ESO-2.2m WFI 0108.A-9005(A) 0108.A-9005(A) "Courbin, Frédéric" SCIENCE IMAGE False OBJECT False 319.917 BB#RC/162_ESO844 False J1537-3010 1746213 1.0025 False 0.71500003 False 37 2022-03-10T09:03:36 2022-03-10T08:34:16 2 2022-03-10T09:07:17 2022-03-10T08:34:16 3 2022-03-10T08:21:17 2022-03-10T08:27:36 0.0 0.0 0.0 0.0 0.0 0.0 -0.0
External 108 2022-03-09 False False J1537-3010 False J1537-3010 False 234.38548305 False -30.18251 False WFI.2022-03-10T09:27:57.570 False ESO-2.2m WFI 0108.A-9005(A) 0108.A-9005(A) "Courbin, Frédéric" SCIENCE IMAGE False OBJECT False 319.917 BB#RC/162_ESO844 False J1537-3010 1746213 1.005 False 0.845 False 37 2022-03-10T09:03:36 2022-03-10T08:34:16 2 2022-03-10T09:07:17 2022-03-10T08:34:16 4 2022-03-10T08:27:57 2022-03-10T08:34:16 0.0 0.0 0.0 0.0 0.0 0.0 -0.0
Downtime 108 2022-03-09 False True IDLE False "" True 0.0 True 0.0 True "" True ESO-2.2m IDLE IDLE/TWILIGHT IDLE/TWILIGHT 0.0 IDLE "" True "" True 0.0 "" False Telescope_Idle 0 0.0 True 0.0 True 66 2022-03-10T09:20:13 2022-03-10T09:48:32 0 2022-03-10T09:20:13 2022-03-10T09:48:32 0 2022-03-10T09:20:13 2022-03-10T09:48:32 0.0 0.0 0.47194444444444444 0.0 0.0 0.47194444444444444 0.47194444444444444
Calib 108 2022-03-09 True True BIAS False DUMMY True 2.03893305 True -29.35156 True WFI.2022-03-09T17:38:24.763 False ESO-2.2m WFI 60.A-9120(A) 60.A-9120(A) Service CALIB IMAGE False BIAS False 0.0 BB#RC/162_ESO844 False testOB 100120012 1.0 True 0.66 True 1 2022-03-09T17:38:17 2022-03-09T16:39:24 1 2022-03-09T17:38:17 2022-03-09T16:39:24 1 2022-03-09T16:38:24 2022-03-09T16:39:24 0.0 0.0 0.0 0.0 0.0 0.0 -0.0
Calib 108 2022-03-09 True True BIAS False "" True -596.52323555 True -596.52323555 True FEROS.2022-03-09T18:10:28.247 False ESO-2.2m FEROS 60.A-9700(A) 60.A-9700(A) Service CALIB ECHELLE False BIAS False 0.0 "" False "Calibration 1x1,normal" 100319512 nan True nan True 3 2022-03-09T18:10:23 2022-03-09T18:45:10 1 2022-03-09T18:10:23 2022-03-09T18:14:26 1 2022-03-09T17:10:28 2022-03-09T17:11:28 0.0 0.0 0.0 0.0 0.0 0.0 0.0
Calib 108 2022-03-09 True True BIAS False "" True -596.52323555 True -596.52323555 True FEROS.2022-03-09T18:11:17.882 False ESO-2.2m FEROS 60.A-9700(A) 60.A-9700(A) Service CALIB ECHELLE False BIAS False 0.0 "" False "Calibration 1x1,normal" 100319512 nan True nan True 3 2022-03-09T18:10:23 2022-03-09T18:45:10 1 2022-03-09T18:10:23 2022-03-09T18:14:26 2 2022-03-09T17:11:17 2022-03-09T17:12:17 0.0 0.0 0.0 0.0 0.0 0.0 0.0
Calib 108 2022-03-09 True True BIAS False "" True -596.52323555 True -596.52323555 True FEROS.2022-03-09T18:12:06.068 False ESO-2.2m FEROS 60.A-9700(A) 60.A-9700(A) Service CALIB ECHELLE False BIAS False 0.0 "" False "Calibration 1x1,normal" 100319512 nan True nan True 3 2022-03-09T18:10:23 2022-03-09T18:45:10 1 2022-03-09T18:10:23 2022-03-09T18:14:26 3 2022-03-09T17:12:06 2022-03-09T17:13:06 0.0 0.0 0.0 0.0 0.0 0.0 0.0
Calib 108 2022-03-09 True True BIAS False "" True -596.52323555 True -596.52323555 True FEROS.2022-03-09T18:12:55.614 False ESO-2.2m FEROS 60.A-9700(A) 60.A-9700(A) Service CALIB ECHELLE False BIAS False 0.0 "" False "Calibration 1x1,normal" 100319512 nan True nan True 3 2022-03-09T18:10:23 2022-03-09T18:45:10 1 2022-03-09T18:10:23 2022-03-09T18:14:26 4 2022-03-09T17:12:55 2022-03-09T17:13:55 0.0 0.0 0.0 0.0 0.0 0.0 0.0
Calib 108 2022-03-09 True True BIAS False "" True -596.52323555 True -596.52323555 True FEROS.2022-03-09T18:13:43.079 False ESO-2.2m FEROS 60.A-9700(A) 60.A-9700(A) Service CALIB ECHELLE False BIAS False 0.0 "" False "Calibration 1x1,normal" 100319512 nan True nan True 3 2022-03-09T18:10:23 2022-03-09T18:45:10 1 2022-03-09T18:10:23 2022-03-09T18:14:26 5 2022-03-09T17:13:43 2022-03-09T17:14:43 0.0 0.0 0.0 0.0 0.0 0.0 0.0
Calib 108 2022-03-09 True True FLAT False "" True -596.52323555 True -596.52323555 True FEROS.2022-03-09T18:19:49.589 False ESO-2.2m FEROS 60.A-9700(A) 60.A-9700(A) Service CALIB ECHELLE False FLAT False 8.042 "" False "Calibration 1x1,normal" 100319512 nan True nan True 3 2022-03-09T18:10:23 2022-03-09T18:45:10 2 2022-03-09T18:14:26 2022-03-09T18:29:44 1 2022-03-09T17:19:49 2022-03-09T17:20:57 0.0 0.0 0.0 0.0 0.0 0.0 0.0
Calib 108 2022-03-09 True True FLAT False "" True -596.52323555 True -596.52323555 True FEROS.2022-03-09T18:20:50.116 False ESO-2.2m FEROS 60.A-9700(A) 60.A-9700(A) Service CALIB ECHELLE False FLAT False 8.042 "" False "Calibration 1x1,normal" 100319512 nan True nan True 3 2022-03-09T18:10:23 2022-03-09T18:45:10 2 2022-03-09T18:14:26 2022-03-09T18:29:44 2 2022-03-09T17:20:50 2022-03-09T17:21:58 0.0 0.0 0.0 0.0 0.0 0.0 0.0
Calib 108 2022-03-09 True True FLAT False "" True -596.52323555 True -596.52323555 True FEROS.2022-03-09T18:21:48.632 False ESO-2.2m FEROS 60.A-9700(A) 60.A-9700(A) Service CALIB ECHELLE False FLAT False 8.041 "" False "Calibration 1x1,normal" 100319512 nan True nan True 3 2022-03-09T18:10:23 2022-03-09T18:45:10 2 2022-03-09T18:14:26 2022-03-09T18:29:44 3 2022-03-09T17:21:48 2022-03-09T17:22:56 0.0 0.0 0.0 0.0 0.0 0.0 0.0
Calib 108 2022-03-09 True True FLAT False "" True -596.52323555 True -596.52323555 True FEROS.2022-03-09T18:22:48.218 False ESO-2.2m FEROS 60.A-9700(A) 60.A-9700(A) Service CALIB ECHELLE False FLAT False 8.042 "" False "Calibration 1x1,normal" 100319512 nan True nan True 3 2022-03-09T18:10:23 2022-03-09T18:45:10 2 2022-03-09T18:14:26 2022-03-09T18:29:44 4 2022-03-09T17:22:48 2022-03-09T17:23:56 0.0 0.0 0.0 0.0 0.0 0.0 0.0
Calib 108 2022-03-09 True True FLAT False "" True -596.52323555 True -596.52323555 True FEROS.2022-03-09T18:23:46.925 False ESO-2.2m FEROS 60.A-9700(A) 60.A-9700(A) Service CALIB ECHELLE False FLAT False 8.042 "" False "Calibration 1x1,normal" 100319512 nan True nan True 3 2022-03-09T18:10:23 2022-03-09T18:45:10 2 2022-03-09T18:14:26 2022-03-09T18:29:44 5 2022-03-09T17:23:46 2022-03-09T17:24:54 0.0 0.0 0.0 0.0 0.0 0.0 0.0
Calib 108 2022-03-09 True True FLAT False "" True -596.52323555 True -596.52323555 True FEROS.2022-03-09T18:24:47.361 False ESO-2.2m FEROS 60.A-9700(A) 60.A-9700(A) Service CALIB ECHELLE False FLAT False 8.042 "" False "Calibration 1x1,normal" 100319512 nan True nan True 3 2022-03-09T18:10:23 2022-03-09T18:45:10 2 2022-03-09T18:14:26 2022-03-09T18:29:44 6 2022-03-09T17:24:47 2022-03-09T17:25:55 0.0 0.0 0.0 0.0 0.0 0.0 0.0
Calib 108 2022-03-09 True True FLAT False "" True -596.52323555 True -596.52323555 True FEROS.2022-03-09T18:25:45.607 False ESO-2.2m FEROS 60.A-9700(A) 60.A-9700(A) Service CALIB ECHELLE False FLAT False 8.042 "" False "Calibration 1x1,normal" 100319512 nan True nan True 3 2022-03-09T18:10:23 2022-03-09T18:45:10 2 2022-03-09T18:14:26 2022-03-09T18:29:44 7 2022-03-09T17:25:45 2022-03-09T17:26:53 0.0 0.0 0.0 0.0 0.0 0.0 0.0
Calib 108 2022-03-09 True True FLAT False "" True -596.52323555 True -596.52323555 True FEROS.2022-03-09T18:26:46.433 False ESO-2.2m FEROS 60.A-9700(A) 60.A-9700(A) Service CALIB ECHELLE False FLAT False 8.041 "" False "Calibration 1x1,normal" 100319512 nan True nan True 3 2022-03-09T18:10:23 2022-03-09T18:45:10 2 2022-03-09T18:14:26 2022-03-09T18:29:44 8 2022-03-09T17:26:46 2022-03-09T17:27:54 0.0 0.0 0.0 0.0 0.0 0.0 0.0
Calib 108 2022-03-09 True True FLAT False "" True -596.52323555 True -596.52323555 True FEROS.2022-03-09T18:27:46.430 False ESO-2.2m FEROS 60.A-9700(A) 60.A-9700(A) Service CALIB ECHELLE False FLAT False 8.042 "" False "Calibration 1x1,normal" 100319512 nan True nan True 3 2022-03-09T18:10:23 2022-03-09T18:45:10 2 2022-03-09T18:14:26 2022-03-09T18:29:44 9 2022-03-09T17:27:46 2022-03-09T17:28:54 0.0 0.0 0.0 0.0 0.0 0.0 0.0
Calib 108 2022-03-09 True True FLAT False "" True -596.52323555 True -596.52323555 True FEROS.2022-03-09T18:28:46.467 False ESO-2.2m FEROS 60.A-9700(A) 60.A-9700(A) Service CALIB ECHELLE False FLAT False 8.041 "" False "Calibration 1x1,normal" 100319512 nan True nan True 3 2022-03-09T18:10:23 2022-03-09T18:45:10 2 2022-03-09T18:14:26 2022-03-09T18:29:44 10 2022-03-09T17:28:46 2022-03-09T17:29:54 0.0 0.0 0.0 0.0 0.0 0.0 0.0
Calib 108 2022-03-09 True True WAVE False "" True -596.52323555 True -596.52323555 True FEROS.2022-03-09T18:30:00.685 False ESO-2.2m FEROS 60.A-9700(A) 60.A-9700(A) Service CALIB ECHELLE False WAVE False 10.042 "" False "Calibration 1x1,normal" 100319512 nan True nan True 3 2022-03-09T18:10:23 2022-03-09T18:45:10 3 2022-03-09T18:29:44 2022-03-09T18:32:01 1 2022-03-09T17:30:00 2022-03-09T17:31:10 0.0 0.0 0.0 0.0 0.0 0.0 0.0
Calib 108 2022-03-09 True True WAVE False "" True -596.52323555 True -596.52323555 True FEROS.2022-03-09T18:31:03.352 False ESO-2.2m FEROS 60.A-9700(A) 60.A-9700(A) Service CALIB ECHELLE False WAVE False 10.041 "" False "Calibration 1x1,normal" 100319512 nan True nan True 3 2022-03-09T18:10:23 2022-03-09T18:45:10 3 2022-03-09T18:29:44 2022-03-09T18:32:01 2 2022-03-09T17:31:03 2022-03-09T17:32:13 0.0 0.0 0.0 0.0 0.0 0.0 0.0
Calib 108 2022-03-09 True True WAVE False "" True -596.52323555 True -596.52323555 True FEROS.2022-03-09T18:32:10.309 False ESO-2.2m FEROS 60.A-9700(A) 60.A-9700(A) Service CALIB ECHELLE False WAVE False 30.041 "" False "Calibration 1x1,normal" 100319512 nan True nan True 3 2022-03-09T18:10:23 2022-03-09T18:45:10 4 2022-03-09T18:32:01 2022-03-09T18:34:52 1 2022-03-09T17:32:10 2022-03-09T17:33:40 0.0 0.0 0.0 0.0 0.0 0.0 0.0
Calib 108 2022-03-09 True True WAVE False "" True -596.52323555 True -596.52323555 True FEROS.2022-03-09T18:33:33.368 False ESO-2.2m FEROS 60.A-9700(A) 60.A-9700(A) Service CALIB ECHELLE False WAVE False 30.042 "" False "Calibration 1x1,normal" 100319512 nan True nan True 3 2022-03-09T18:10:23 2022-03-09T18:45:10 4 2022-03-09T18:32:01 2022-03-09T18:34:52 2 2022-03-09T17:33:33 2022-03-09T17:35:03 0.0 0.0 0.0 0.0 0.0 0.0 0.0
Calib 108 2022-03-09 True True WAVE False "" True -596.52323555 True -596.52323555 True FEROS.2022-03-09T18:35:01.588 False ESO-2.2m FEROS 60.A-9700(A) 60.A-9700(A) Service CALIB ECHELLE False WAVE False 60.041 "" False "Calibration 1x1,normal" 100319512 nan True nan True 3 2022-03-09T18:10:23 2022-03-09T18:45:10 5 2022-03-09T18:34:52 2022-03-09T18:38:43 1 2022-03-09T17:35:01 2022-03-09T17:37:01 0.0 0.0 0.0 0.0 0.0 0.0 0.0
Calib 108 2022-03-09 True True WAVE False "" True -596.52323555 True -596.52323555 True FEROS.2022-03-09T18:36:54.380 False ESO-2.2m FEROS 60.A-9700(A) 60.A-9700(A) Service CALIB ECHELLE False WAVE False 60.042 "" False "Calibration 1x1,normal" 100319512 nan True nan True 3 2022-03-09T18:10:23 2022-03-09T18:45:10 5 2022-03-09T18:34:52 2022-03-09T18:38:43 2 2022-03-09T17:36:54 2022-03-09T17:38:54 0.0 0.0 0.0 0.0 0.0 0.0 0.0
Calib 108 2022-03-09 True True WAVE False "" True -596.52323555 True -596.52323555 True FEROS.2022-03-09T18:59:07.626 False ESO-2.2m FEROS 60.A-9700(A) 60.A-9700(A) Service CALIB ECHELLE False WAVE False 30.042 "" False "Calibration 1x1,normal" 100319512 nan True nan True 3 2022-03-09T18:10:23 2022-03-09T18:45:10 6 2022-03-09T18:38:43 2022-03-09T19:01:48 1 2022-03-09T17:59:07 2022-03-09T18:00:37 0.0 0.0 0.0 0.0 0.0 0.0 0.0
Calib 108 2022-03-09 True True WAVE False "" True -596.52323555 True -596.52323555 True FEROS.2022-03-09T19:00:28.615 False ESO-2.2m FEROS 60.A-9700(A) 60.A-9700(A) Service CALIB ECHELLE False WAVE False 30.041 "" False "Calibration 1x1,normal" 100319512 nan True nan True 3 2022-03-09T18:10:23 2022-03-09T18:45:10 6 2022-03-09T18:38:43 2022-03-09T19:01:48 2 2022-03-09T18:00:28 2022-03-09T18:01:58 0.0 0.0 0.0 0.0 0.0 0.0 0.0
Calib 108 2022-03-09 True True WAVE False "" True -596.52323555 True -596.52323555 True FEROS.2022-03-09T19:01:57.515 False ESO-2.2m FEROS 60.A-9700(A) 60.A-9700(A) Service CALIB ECHELLE False WAVE False 150.041 "" False "Calibration 1x1,normal" 100319512 nan True nan True 3 2022-03-09T18:10:23 2022-03-09T18:45:10 7 2022-03-09T19:01:48 2022-03-09T19:08:38 1 2022-03-09T18:01:57 2022-03-09T18:05:27 0.0 0.0 0.0 0.0 0.0 0.0 0.0
Calib 108 2022-03-09 True True WAVE False "" True -596.52323555 True -596.52323555 True FEROS.2022-03-09T19:05:19.407 False ESO-2.2m FEROS 60.A-9700(A) 60.A-9700(A) Service CALIB ECHELLE False WAVE False 150.041 "" False "Calibration 1x1,normal" 100319512 nan True nan True 3 2022-03-09T18:10:23 2022-03-09T18:45:10 7 2022-03-09T19:01:48 2022-03-09T19:08:38 2 2022-03-09T18:05:19 2022-03-09T18:08:49 0.0 0.0 0.0 0.0 0.0 0.0 0.0
Calib 108 2022-03-09 True True WAVE False "" True -596.52323555 True -596.52323555 True FEROS.2022-03-09T19:08:46.960 False ESO-2.2m FEROS 60.A-9700(A) 60.A-9700(A) Service CALIB ECHELLE False WAVE False 300.042 "" False "Calibration 1x1,normal" 100319512 nan True nan True 3 2022-03-09T18:10:23 2022-03-09T18:45:10 8 2022-03-09T19:08:38 2022-03-09T19:20:27 1 2022-03-09T18:08:46 2022-03-09T18:14:46 0.0 0.0 0.0 0.0 0.0 0.0 0.0
Calib 108 2022-03-09 True True WAVE False "" True -596.52323555 True -596.52323555 True FEROS.2022-03-09T19:14:37.848 False ESO-2.2m FEROS 60.A-9700(A) 60.A-9700(A) Service CALIB ECHELLE False WAVE False 300.042 "" False "Calibration 1x1,normal" 100319512 nan True nan True 3 2022-03-09T18:10:23 2022-03-09T18:45:10 8 2022-03-09T19:08:38 2022-03-09T19:20:27 2 2022-03-09T18:14:37 2022-03-09T18:20:37 0.0 0.0 0.0 0.0 0.0 0.0 0.0
Calib 108 2022-03-09 True True WAVE False "" True -596.52323555 True -596.52323555 True FEROS.2022-03-09T19:20:36.537 False ESO-2.2m FEROS 60.A-9700(A) 60.A-9700(A) Service CALIB ECHELLE False WAVE False 30.041 "" False "Calibration 1x1,normal" 100319512 nan True nan True 3 2022-03-09T18:10:23 2022-03-09T18:45:10 9 2022-03-09T19:20:27 2022-03-09T18:45:10 1 2022-03-09T18:20:36 2022-03-09T18:22:06 0.0 0.0 0.0 0.0 0.0 0.0 -0.0
Calib 108 2022-03-09 True True WAVE False "" True -596.52323555 True -596.52323555 True FEROS.2022-03-09T19:21:59.416 False ESO-2.2m FEROS 60.A-9700(A) 60.A-9700(A) Service CALIB ECHELLE False WAVE False 30.041 "" False "Calibration 1x1,normal" 100319512 nan True nan True 3 2022-03-09T18:10:23 2022-03-09T18:45:10 9 2022-03-09T19:20:27 2022-03-09T18:45:10 2 2022-03-09T18:21:59 2022-03-09T18:23:29 0.0 0.0 0.0 0.0 0.0 0.0 -0.0
Calib 108 2022-03-09 True True WAVE False "" True -596.52323555 True -596.52323555 True FEROS.2022-03-09T19:23:19.615 False ESO-2.2m FEROS 60.A-9700(A) 60.A-9700(A) Service CALIB ECHELLE False WAVE False 30.042 "" False "Calibration 1x1,normal" 100319512 nan True nan True 3 2022-03-09T18:10:23 2022-03-09T18:45:10 9 2022-03-09T19:20:27 2022-03-09T18:45:10 3 2022-03-09T18:23:19 2022-03-09T18:24:49 0.0 0.0 0.0 0.0 0.0 0.0 -0.0
Calib 108 2022-03-09 True True WAVE False "" True -596.52323555 True -596.52323555 True FEROS.2022-03-09T19:24:40.604 False ESO-2.2m FEROS 60.A-9700(A) 60.A-9700(A) Service CALIB ECHELLE False WAVE False 30.041 "" False "Calibration 1x1,normal" 100319512 nan True nan True 3 2022-03-09T18:10:23 2022-03-09T18:45:10 9 2022-03-09T19:20:27 2022-03-09T18:45:10 4 2022-03-09T18:24:40 2022-03-09T18:26:10 0.0 0.0 0.0 0.0 0.0 0.0 -0.0
Calib 108 2022-03-09 True True WAVE False "" True -596.52323555 True -596.52323555 True FEROS.2022-03-09T19:26:03.324 False ESO-2.2m FEROS 60.A-9700(A) 60.A-9700(A) Service CALIB ECHELLE False WAVE False 30.041 "" False "Calibration 1x1,normal" 100319512 nan True nan True 3 2022-03-09T18:10:23 2022-03-09T18:45:10 9 2022-03-09T19:20:27 2022-03-09T18:45:10 5 2022-03-09T18:26:03 2022-03-09T18:27:33 0.0 0.0 0.0 0.0 0.0 0.0 -0.0
Calib 108 2022-03-09 True True WAVE False "" True -596.52323555 True -596.52323555 True FEROS.2022-03-09T19:27:24.562 False ESO-2.2m FEROS 60.A-9700(A) 60.A-9700(A) Service CALIB ECHELLE False WAVE False 30.042 "" False "Calibration 1x1,normal" 100319512 nan True nan True 3 2022-03-09T18:10:23 2022-03-09T18:45:10 9 2022-03-09T19:20:27 2022-03-09T18:45:10 6 2022-03-09T18:27:24 2022-03-09T18:28:54 0.0 0.0 0.0 0.0 0.0 0.0 -0.0
Calib 108 2022-03-09 True True WAVE False "" True -596.52323555 True -596.52323555 True FEROS.2022-03-09T19:28:45.621 False ESO-2.2m FEROS 60.A-9700(A) 60.A-9700(A) Service CALIB ECHELLE False WAVE False 30.041 "" False "Calibration 1x1,normal" 100319512 nan True nan True 3 2022-03-09T18:10:23 2022-03-09T18:45:10 9 2022-03-09T19:20:27 2022-03-09T18:45:10 7 2022-03-09T18:28:45 2022-03-09T18:30:15 0.0 0.0 0.0 0.0 0.0 0.0 -0.0
Calib 108 2022-03-09 True True WAVE False "" True -596.52323555 True -596.52323555 True FEROS.2022-03-09T19:30:08.280 False ESO-2.2m FEROS 60.A-9700(A) 60.A-9700(A) Service CALIB ECHELLE False WAVE False 30.042 "" False "Calibration 1x1,normal" 100319512 nan True nan True 3 2022-03-09T18:10:23 2022-03-09T18:45:10 9 2022-03-09T19:20:27 2022-03-09T18:45:10 8 2022-03-09T18:30:08 2022-03-09T18:31:38 0.0 0.0 0.0 0.0 0.0 0.0 -0.0
Calib 108 2022-03-09 True True WAVE False "" True -596.52323555 True -596.52323555 True FEROS.2022-03-09T19:31:28.619 False ESO-2.2m FEROS 60.A-9700(A) 60.A-9700(A) Service CALIB ECHELLE False WAVE False 30.041 "" False "Calibration 1x1,normal" 100319512 nan True nan True 3 2022-03-09T18:10:23 2022-03-09T18:45:10 9 2022-03-09T19:20:27 2022-03-09T18:45:10 9 2022-03-09T18:31:28 2022-03-09T18:32:58 0.0 0.0 0.0 0.0 0.0 0.0 -0.0
Calib 108 2022-03-09 True True WAVE False "" True -596.52323555 True -596.52323555 True FEROS.2022-03-09T19:32:49.608 False ESO-2.2m FEROS 60.A-9700(A) 60.A-9700(A) Service CALIB ECHELLE False WAVE False 30.041 "" False "Calibration 1x1,normal" 100319512 nan True nan True 3 2022-03-09T18:10:23 2022-03-09T18:45:10 9 2022-03-09T19:20:27 2022-03-09T18:45:10 10 2022-03-09T18:32:49 2022-03-09T18:34:19 0.0 0.0 0.0 0.0 0.0 0.0 -0.0
Calib 108 2022-03-09 True True WAVE False "" True -596.52323555 True -596.52323555 True FEROS.2022-03-09T19:34:12.327 False ESO-2.2m FEROS 60.A-9700(A) 60.A-9700(A) Service CALIB ECHELLE False WAVE False 30.041 "" False "Calibration 1x1,normal" 100319512 nan True nan True 3 2022-03-09T18:10:23 2022-03-09T18:45:10 9 2022-03-09T19:20:27 2022-03-09T18:45:10 11 2022-03-09T18:34:12 2022-03-09T18:35:42 0.0 0.0 0.0 0.0 0.0 0.0 -0.0
Calib 108 2022-03-09 True True WAVE False "" True -596.52323555 True -596.52323555 True FEROS.2022-03-09T19:35:32.945 False ESO-2.2m FEROS 60.A-9700(A) 60.A-9700(A) Service CALIB ECHELLE False WAVE False 30.041 "" False "Calibration 1x1,normal" 100319512 nan True nan True 3 2022-03-09T18:10:23 2022-03-09T18:45:10 9 2022-03-09T19:20:27 2022-03-09T18:45:10 12 2022-03-09T18:35:32 2022-03-09T18:37:02 0.0 0.0 0.0 0.0 0.0 0.0 -0.0
Calib 108 2022-03-09 True True WAVE False "" True -596.52323555 True -596.52323555 True FEROS.2022-03-09T19:36:53.614 False ESO-2.2m FEROS 60.A-9700(A) 60.A-9700(A) Service CALIB ECHELLE False WAVE False 30.041 "" False "Calibration 1x1,normal" 100319512 nan True nan True 3 2022-03-09T18:10:23 2022-03-09T18:45:10 9 2022-03-09T19:20:27 2022-03-09T18:45:10 13 2022-03-09T18:36:53 2022-03-09T18:38:23 0.0 0.0 0.0 0.0 0.0 0.0 -0.0
Calib 108 2022-03-09 True True WAVE False "" True -596.52323555 True -596.52323555 True FEROS.2022-03-09T19:38:16.533 False ESO-2.2m FEROS 60.A-9700(A) 60.A-9700(A) Service CALIB ECHELLE False WAVE False 30.041 "" False "Calibration 1x1,normal" 100319512 nan True nan True 3 2022-03-09T18:10:23 2022-03-09T18:45:10 9 2022-03-09T19:20:27 2022-03-09T18:45:10 14 2022-03-09T18:38:16 2022-03-09T18:39:46 0.0 0.0 0.0 0.0 0.0 0.0 -0.0
Calib 108 2022-03-09 True True WAVE False "" True -596.52323555 True -596.52323555 True FEROS.2022-03-09T19:39:36.902 False ESO-2.2m FEROS 60.A-9700(A) 60.A-9700(A) Service CALIB ECHELLE False WAVE False 30.042 "" False "Calibration 1x1,normal" 100319512 nan True nan True 3 2022-03-09T18:10:23 2022-03-09T18:45:10 9 2022-03-09T19:20:27 2022-03-09T18:45:10 15 2022-03-09T18:39:36 2022-03-09T18:41:06 0.0 0.0 0.0 0.0 0.0 0.0 -0.0
Calib 108 2022-03-09 True True WAVE False "" True -596.52323555 True -596.52323555 True FEROS.2022-03-09T19:40:57.801 False ESO-2.2m FEROS 60.A-9700(A) 60.A-9700(A) Service CALIB ECHELLE False WAVE False 30.041 "" False "Calibration 1x1,normal" 100319512 nan True nan True 3 2022-03-09T18:10:23 2022-03-09T18:45:10 9 2022-03-09T19:20:27 2022-03-09T18:45:10 16 2022-03-09T18:40:57 2022-03-09T18:42:27 0.0 0.0 0.0 0.0 0.0 0.0 -0.0
Calib 108 2022-03-09 True True WAVE False "" True -596.52323555 True -596.52323555 True FEROS.2022-03-09T19:42:20.100 False ESO-2.2m FEROS 60.A-9700(A) 60.A-9700(A) Service CALIB ECHELLE False WAVE False 30.041 "" False "Calibration 1x1,normal" 100319512 nan True nan True 3 2022-03-09T18:10:23 2022-03-09T18:45:10 9 2022-03-09T19:20:27 2022-03-09T18:45:10 17 2022-03-09T18:42:20 2022-03-09T18:43:50 0.0 0.0 0.0 0.0 0.0 0.0 -0.0
Calib 108 2022-03-09 True True WAVE False "" True -596.52323555 True -596.52323555 True FEROS.2022-03-09T19:43:40.609 False ESO-2.2m FEROS 60.A-9700(A) 60.A-9700(A) Service CALIB ECHELLE False WAVE False 30.042 "" False "Calibration 1x1,normal" 100319512 nan True nan True 3 2022-03-09T18:10:23 2022-03-09T18:45:10 9 2022-03-09T19:20:27 2022-03-09T18:45:10 18 2022-03-09T18:43:40 2022-03-09T18:45:10 0.0 0.0 0.0 0.0 0.0 0.0 -0.0
Calib 108 2022-03-09 True True BIAS False "" True 242.48709111 True -29.17532 True WFI.2022-03-10T09:37:51.206 False ESO-2.2m WFI 60.A-9120(A) 60.A-9120(A) Service CALIB IMAGE False BIAS False 0.0 BB#RC/162_ESO844 False 003-DailyCalibWednesday 100185406 1.0 True 0.94 True 38 2022-03-10T09:37:43 2022-03-10T08:47:25 1 2022-03-10T09:37:43 2022-03-10T09:43:52 1 2022-03-10T08:37:51 2022-03-10T08:38:51 0.0 0.0 0.0 0.0 0.0 0.0 0.0
Calib 108 2022-03-09 True True BIAS False "" True 242.63742888 True -29.1756 True WFI.2022-03-10T09:38:27.721 False ESO-2.2m WFI 60.A-9120(A) 60.A-9120(A) Service CALIB IMAGE False BIAS False 0.0 BB#RC/162_ESO844 False 003-DailyCalibWednesday 100185406 1.0 True 0.94 True 38 2022-03-10T09:37:43 2022-03-10T08:47:25 1 2022-03-10T09:37:43 2022-03-10T09:43:52 2 2022-03-10T08:38:27 2022-03-10T08:39:27 0.0 0.0 0.0 0.0 0.0 0.0 0.0
Calib 108 2022-03-09 True True BIAS False "" True 242.78776694 True -29.17589 True WFI.2022-03-10T09:39:04.485 False ESO-2.2m WFI 60.A-9120(A) 60.A-9120(A) Service CALIB IMAGE False BIAS False 0.0 BB#RC/162_ESO844 False 003-DailyCalibWednesday 100185406 1.0 True 0.94 True 38 2022-03-10T09:37:43 2022-03-10T08:47:25 1 2022-03-10T09:37:43 2022-03-10T09:43:52 3 2022-03-10T08:39:04 2022-03-10T08:40:04 0.0 0.0 0.0 0.0 0.0 0.0 0.0
Calib 108 2022-03-09 True True BIAS False "" True 242.94645694 True -29.17619 True WFI.2022-03-10T09:39:41.529 False ESO-2.2m WFI 60.A-9120(A) 60.A-9120(A) Service CALIB IMAGE False BIAS False 0.0 BB#RC/162_ESO844 False 003-DailyCalibWednesday 100185406 1.0 True 0.94 True 38 2022-03-10T09:37:43 2022-03-10T08:47:25 1 2022-03-10T09:37:43 2022-03-10T09:43:52 4 2022-03-10T08:39:41 2022-03-10T08:40:41 0.0 0.0 0.0 0.0 0.0 0.0 0.0
Calib 108 2022-03-09 True True BIAS False "" True 243.09679611 True -29.17647 True WFI.2022-03-10T09:40:18.493 False ESO-2.2m WFI 60.A-9120(A) 60.A-9120(A) Service CALIB IMAGE False BIAS False 0.0 BB#RC/162_ESO844 False 003-DailyCalibWednesday 100185406 1.0 True 0.94 True 38 2022-03-10T09:37:43 2022-03-10T08:47:25 1 2022-03-10T09:37:43 2022-03-10T09:43:52 5 2022-03-10T08:40:18 2022-03-10T08:41:18 0.0 0.0 0.0 0.0 0.0 0.0 0.0
Calib 108 2022-03-09 True True BIAS False "" True 243.25548694 True -29.17678 True WFI.2022-03-10T09:40:55.527 False ESO-2.2m WFI 60.A-9120(A) 60.A-9120(A) Service CALIB IMAGE False BIAS False 0.0 BB#RC/162_ESO844 False 003-DailyCalibWednesday 100185406 1.0 True 0.94 True 38 2022-03-10T09:37:43 2022-03-10T08:47:25 1 2022-03-10T09:37:43 2022-03-10T09:43:52 6 2022-03-10T08:40:55 2022-03-10T08:41:55 0.0 0.0 0.0 0.0 0.0 0.0 0.0
Calib 108 2022-03-09 True True BIAS False "" True 243.40582694 True -29.17706 True WFI.2022-03-10T09:41:32.511 False ESO-2.2m WFI 60.A-9120(A) 60.A-9120(A) Service CALIB IMAGE False BIAS False 0.0 BB#RC/162_ESO844 False 003-DailyCalibWednesday 100185406 1.0 True 0.94 True 38 2022-03-10T09:37:43 2022-03-10T08:47:25 1 2022-03-10T09:37:43 2022-03-10T09:43:52 7 2022-03-10T08:41:32 2022-03-10T08:42:32 0.0 0.0 0.0 0.0 0.0 0.0 0.0
Calib 108 2022-03-09 True True BIAS False "" True 243.56451888 True -29.17736 True WFI.2022-03-10T09:42:09.535 False ESO-2.2m WFI 60.A-9120(A) 60.A-9120(A) Service CALIB IMAGE False BIAS False 0.0 BB#RC/162_ESO844 False 003-DailyCalibWednesday 100185406 1.0 True 0.94 True 38 2022-03-10T09:37:43 2022-03-10T08:47:25 1 2022-03-10T09:37:43 2022-03-10T09:43:52 8 2022-03-10T08:42:09 2022-03-10T08:43:09 0.0 0.0 0.0 0.0 0.0 0.0 0.0
Calib 108 2022-03-09 True True BIAS False "" True 243.71486 True -29.17765 True WFI.2022-03-10T09:42:46.499 False ESO-2.2m WFI 60.A-9120(A) 60.A-9120(A) Service CALIB IMAGE False BIAS False 0.0 BB#RC/162_ESO844 False 003-DailyCalibWednesday 100185406 1.0 True 0.94 True 38 2022-03-10T09:37:43 2022-03-10T08:47:25 1 2022-03-10T09:37:43 2022-03-10T09:43:52 9 2022-03-10T08:42:46 2022-03-10T08:43:46 0.0 0.0 0.0 0.0 0.0 0.0 0.0
Calib 108 2022-03-09 True True BIAS False "" True 243.87355305 True -29.17795 True WFI.2022-03-10T09:43:23.503 False ESO-2.2m WFI 60.A-9120(A) 60.A-9120(A) Service CALIB IMAGE False BIAS False 0.0 BB#RC/162_ESO844 False 003-DailyCalibWednesday 100185406 1.0 True 0.94 True 38 2022-03-10T09:37:43 2022-03-10T08:47:25 1 2022-03-10T09:37:43 2022-03-10T09:43:52 10 2022-03-10T08:43:23 2022-03-10T08:44:23 0.0 0.0 0.0 0.0 0.0 0.0 0.0
Calib 108 2022-03-09 True True BIAS False "" True 244.023895 True -29.17824 True WFI.2022-03-10T09:44:00.608 False ESO-2.2m WFI 60.A-9120(A) 60.A-9120(A) Service CALIB IMAGE False BIAS False 0.0 BB#RC/162_ESO844 False 003-DailyCalibWednesday 100185406 1.0 True 0.94 True 38 2022-03-10T09:37:43 2022-03-10T08:47:25 2 2022-03-10T09:43:52 2022-03-10T08:47:25 1 2022-03-10T08:44:00 2022-03-10T08:45:00 0.0 0.0 0.0 0.0 0.0 0.0 -0.0
Calib 108 2022-03-09 True True BIAS False "" True 244.18258888 True -29.17855 True WFI.2022-03-10T09:44:37.232 False ESO-2.2m WFI 60.A-9120(A) 60.A-9120(A) Service CALIB IMAGE False BIAS False 0.0 BB#RC/162_ESO844 False 003-DailyCalibWednesday 100185406 1.0 True 0.94 True 38 2022-03-10T09:37:43 2022-03-10T08:47:25 2 2022-03-10T09:43:52 2022-03-10T08:47:25 2 2022-03-10T08:44:37 2022-03-10T08:45:37 0.0 0.0 0.0 0.0 0.0 0.0 -0.0
Calib 108 2022-03-09 True True BIAS False "" True 244.33293111 True -29.17883 True WFI.2022-03-10T09:45:13.205 False ESO-2.2m WFI 60.A-9120(A) 60.A-9120(A) Service CALIB IMAGE False BIAS False 0.0 BB#RC/162_ESO844 False 003-DailyCalibWednesday 100185406 1.0 True 0.94 True 38 2022-03-10T09:37:43 2022-03-10T08:47:25 2 2022-03-10T09:43:52 2022-03-10T08:47:25 3 2022-03-10T08:45:13 2022-03-10T08:46:13 0.0 0.0 0.0 0.0 0.0 0.0 -0.0
Calib 108 2022-03-09 True True BIAS False "" True 244.48327388 True -29.17912 True WFI.2022-03-10T09:45:49.209 False ESO-2.2m WFI 60.A-9120(A) 60.A-9120(A) Service CALIB IMAGE False BIAS False 0.0 BB#RC/162_ESO844 False 003-DailyCalibWednesday 100185406 1.0 True 0.94 True 38 2022-03-10T09:37:43 2022-03-10T08:47:25 2 2022-03-10T09:43:52 2022-03-10T08:47:25 4 2022-03-10T08:45:49 2022-03-10T08:46:49 0.0 0.0 0.0 0.0 0.0 0.0 -0.0
Calib 108 2022-03-09 True True BIAS False "" True 244.63361694 True -29.17941 True WFI.2022-03-10T09:46:25.194 False ESO-2.2m WFI 60.A-9120(A) 60.A-9120(A) Service CALIB IMAGE False BIAS False 0.0 BB#RC/162_ESO844 False 003-DailyCalibWednesday 100185406 1.0 True 0.94 True 38 2022-03-10T09:37:43 2022-03-10T08:47:25 2 2022-03-10T09:43:52 2022-03-10T08:47:25 5 2022-03-10T08:46:25 2022-03-10T08:47:25 0.0 0.0 0.0 0.0 0.0 0.0 -0.0
Calib 108 2022-03-09 True True BIAS False "" True -596.52323555 True -596.52323555 True GROND.2022-03-10T09:38:29.946 False ESO-2.2m GROND 60.A-9080(A) 0108.A-9099(A) Service CALIB IMAGE False BIAS False 0.0 G,R,I,Z False "Daytime calib slow readout" -1 nan True nan True 39 2022-03-10T09:38:19 2022-03-10T10:10:03 1 2022-03-10T09:38:19 2022-03-10T09:44:26 1 2022-03-10T08:38:29 2022-03-10T08:39:29 0.0 0.0 0.0 0.0 0.0 0.0 0.0
Calib 108 2022-03-09 True True BIAS False "" True -596.52323555 True -596.52323555 True GROND.2022-03-10T09:39:24.417 False ESO-2.2m GROND 60.A-9080(A) 0108.A-9099(A) Service CALIB IMAGE False BIAS False 0.0 G,R,I,Z False "Daytime calib slow readout" -1 nan True nan True 39 2022-03-10T09:38:19 2022-03-10T10:10:03 1 2022-03-10T09:38:19 2022-03-10T09:44:26 2 2022-03-10T08:39:24 2022-03-10T08:40:24 0.0 0.0 0.0 0.0 0.0 0.0 0.0
Calib 108 2022-03-09 True True BIAS False "" True -596.52323555 True -596.52323555 True GROND.2022-03-10T09:40:18.307 False ESO-2.2m GROND 60.A-9080(A) 0108.A-9099(A) Service CALIB IMAGE False BIAS False 0.0 G,R,I,Z False "Daytime calib slow readout" -1 nan True nan True 39 2022-03-10T09:38:19 2022-03-10T10:10:03 1 2022-03-10T09:38:19 2022-03-10T09:44:26 3 2022-03-10T08:40:18 2022-03-10T08:41:18 0.0 0.0 0.0 0.0 0.0 0.0 0.0
Calib 108 2022-03-09 True True BIAS False "" True -596.52323555 True -596.52323555 True GROND.2022-03-10T09:41:12.228 False ESO-2.2m GROND 60.A-9080(A) 0108.A-9099(A) Service CALIB IMAGE False BIAS False 0.0 G,R,I,Z False "Daytime calib slow readout" -1 nan True nan True 39 2022-03-10T09:38:19 2022-03-10T10:10:03 1 2022-03-10T09:38:19 2022-03-10T09:44:26 4 2022-03-10T08:41:12 2022-03-10T08:42:12 0.0 0.0 0.0 0.0 0.0 0.0 0.0
Calib 108 2022-03-09 True True BIAS False "" True -596.52323555 True -596.52323555 True GROND.2022-03-10T09:42:06.208 False ESO-2.2m GROND 60.A-9080(A) 0108.A-9099(A) Service CALIB IMAGE False BIAS False 0.0 G,R,I,Z False "Daytime calib slow readout" -1 nan True nan True 39 2022-03-10T09:38:19 2022-03-10T10:10:03 1 2022-03-10T09:38:19 2022-03-10T09:44:26 5 2022-03-10T08:42:06 2022-03-10T08:43:06 0.0 0.0 0.0 0.0 0.0 0.0 0.0
Calib 108 2022-03-09 True True BIAS False "" True -596.52323555 True -596.52323555 True GROND.2022-03-10T09:43:00.289 False ESO-2.2m GROND 60.A-9080(A) 0108.A-9099(A) Service CALIB IMAGE False BIAS False 0.0 G,R,I,Z False "Daytime calib slow readout" -1 nan True nan True 39 2022-03-10T09:38:19 2022-03-10T10:10:03 1 2022-03-10T09:38:19 2022-03-10T09:44:26 6 2022-03-10T08:43:00 2022-03-10T08:44:00 0.0 0.0 0.0 0.0 0.0 0.0 0.0
Calib 108 2022-03-09 True True BIAS False "" True -596.52323555 True -596.52323555 True GROND.2022-03-10T09:43:18.216 False ESO-2.2m GROND 60.A-9080(A) 0108.A-9099(A) Service CALIB IMAGE False BIAS False 0.0 G,R,I,Z False "Daytime calib slow readout" -1 nan True nan True 39 2022-03-10T09:38:19 2022-03-10T10:10:03 1 2022-03-10T09:38:19 2022-03-10T09:44:26 7 2022-03-10T08:43:18 2022-03-10T08:44:18 0.0 0.0 0.0 0.0 0.0 0.0 0.0
Calib 108 2022-03-09 True True BIAS False "" True -596.52323555 True -596.52323555 True GROND.2022-03-10T09:43:36.412 False ESO-2.2m GROND 60.A-9080(A) 0108.A-9099(A) Service CALIB IMAGE False BIAS False 0.0 G,R,I,Z False "Daytime calib slow readout" -1 nan True nan True 39 2022-03-10T09:38:19 2022-03-10T10:10:03 1 2022-03-10T09:38:19 2022-03-10T09:44:26 8 2022-03-10T08:43:36 2022-03-10T08:44:36 0.0 0.0 0.0 0.0 0.0 0.0 0.0
Calib 108 2022-03-09 True True BIAS False "" True -596.52323555 True -596.52323555 True GROND.2022-03-10T09:43:54.219 False ESO-2.2m GROND 60.A-9080(A) 0108.A-9099(A) Service CALIB IMAGE False BIAS False 0.0 G,R,I,Z False "Daytime calib slow readout" -1 nan True nan True 39 2022-03-10T09:38:19 2022-03-10T10:10:03 1 2022-03-10T09:38:19 2022-03-10T09:44:26 9 2022-03-10T08:43:54 2022-03-10T08:44:54 0.0 0.0 0.0 0.0 0.0 0.0 0.0
Calib 108 2022-03-09 True True BIAS False "" True -596.52323555 True -596.52323555 True GROND.2022-03-10T09:44:12.216 False ESO-2.2m GROND 60.A-9080(A) 0108.A-9099(A) Service CALIB IMAGE False BIAS False 0.0 G,R,I,Z False "Daytime calib slow readout" -1 nan True nan True 39 2022-03-10T09:38:19 2022-03-10T10:10:03 1 2022-03-10T09:38:19 2022-03-10T09:44:26 10 2022-03-10T08:44:12 2022-03-10T08:45:12 0.0 0.0 0.0 0.0 0.0 0.0 0.0
Calib 108 2022-03-09 True True DARK False "" True -596.52323555 True -596.52323555 True GROND.2022-03-10T09:44:32.196 False ESO-2.2m GROND 60.A-9080(A) 0108.A-9099(A) Service CALIB IMAGE False DARK False 10.0 J,H,K False "Daytime calib slow readout" -1 nan True nan True 39 2022-03-10T09:38:19 2022-03-10T10:10:03 2 2022-03-10T09:44:26 2022-03-10T10:49:15 1 2022-03-10T08:44:32 2022-03-10T08:44:52 0.0 0.0 0.0 0.0 0.0 0.0 0.0
Calib 108 2022-03-09 True True DARK False "" True -596.52323555 True -596.52323555 True GROND.2022-03-10T09:45:34.677 False ESO-2.2m GROND 60.A-9080(A) 0108.A-9099(A) Service CALIB IMAGE False DARK False 10.0 J,H,K False "Daytime calib slow readout" -1 nan True nan True 39 2022-03-10T09:38:19 2022-03-10T10:10:03 2 2022-03-10T09:44:26 2022-03-10T10:49:15 2 2022-03-10T08:45:34 2022-03-10T08:45:54 0.0 0.0 0.0 0.0 0.0 0.0 0.0
Calib 108 2022-03-09 True True DARK False "" True -596.52323555 True -596.52323555 True GROND.2022-03-10T09:46:37.159 False ESO-2.2m GROND 60.A-9080(A) 0108.A-9099(A) Service CALIB IMAGE False DARK False 10.0 J,H,K False "Daytime calib slow readout" -1 nan True nan True 39 2022-03-10T09:38:19 2022-03-10T10:10:03 2 2022-03-10T09:44:26 2022-03-10T10:49:15 3 2022-03-10T08:46:37 2022-03-10T08:46:57 0.0 0.0 0.0 0.0 0.0 0.0 0.0
Calib 108 2022-03-09 True True DARK False "" True -596.52323555 True -596.52323555 True GROND.2022-03-10T09:47:39.640 False ESO-2.2m GROND 60.A-9080(A) 0108.A-9099(A) Service CALIB IMAGE False DARK False 10.0 J,H,K False "Daytime calib slow readout" -1 nan True nan True 39 2022-03-10T09:38:19 2022-03-10T10:10:03 2 2022-03-10T09:44:26 2022-03-10T10:49:15 4 2022-03-10T08:47:39 2022-03-10T08:47:59 0.0 0.0 0.0 0.0 0.0 0.0 0.0
Calib 108 2022-03-09 True True DARK False "" True -596.52323555 True -596.52323555 True GROND.2022-03-10T09:48:42.124 False ESO-2.2m GROND 60.A-9080(A) 0108.A-9099(A) Service CALIB IMAGE False DARK False 10.0 J,H,K False "Daytime calib slow readout" -1 nan True nan True 39 2022-03-10T09:38:19 2022-03-10T10:10:03 2 2022-03-10T09:44:26 2022-03-10T10:49:15 5 2022-03-10T08:48:42 2022-03-10T08:49:02 0.0 0.0 0.0 0.0 0.0 0.0 0.0
Calib 108 2022-03-09 True True DARK False "" True -596.52323555 True -596.52323555 True GROND.2022-03-10T09:49:44.606 False ESO-2.2m GROND 60.A-9080(A) 0108.A-9099(A) Service CALIB IMAGE False DARK False 10.0 J,H,K False "Daytime calib slow readout" -1 nan True nan True 39 2022-03-10T09:38:19 2022-03-10T10:10:03 2 2022-03-10T09:44:26 2022-03-10T10:49:15 6 2022-03-10T08:49:44 2022-03-10T08:50:04 0.0 0.0 0.0 0.0 0.0 0.0 0.0
Calib 108 2022-03-09 True True DARK False "" True -596.52323555 True -596.52323555 True GROND.2022-03-10T09:50:47.087 False ESO-2.2m GROND 60.A-9080(A) 0108.A-9099(A) Service CALIB IMAGE False DARK False 10.0 J,H,K False "Daytime calib slow readout" -1 nan True nan True 39 2022-03-10T09:38:19 2022-03-10T10:10:03 2 2022-03-10T09:44:26 2022-03-10T10:49:15 7 2022-03-10T08:50:47 2022-03-10T08:51:07 0.0 0.0 0.0 0.0 0.0 0.0 0.0
Calib 108 2022-03-09 True True DARK False "" True -596.52323555 True -596.52323555 True GROND.2022-03-10T09:51:49.571 False ESO-2.2m GROND 60.A-9080(A) 0108.A-9099(A) Service CALIB IMAGE False DARK False 10.0 J,H,K False "Daytime calib slow readout" -1 nan True nan True 39 2022-03-10T09:38:19 2022-03-10T10:10:03 2 2022-03-10T09:44:26 2022-03-10T10:49:15 8 2022-03-10T08:51:49 2022-03-10T08:52:09 0.0 0.0 0.0 0.0 0.0 0.0 0.0
Calib 108 2022-03-09 True True DARK False "" True -596.52323555 True -596.52323555 True GROND.2022-03-10T09:52:52.055 False ESO-2.2m GROND 60.A-9080(A) 0108.A-9099(A) Service CALIB IMAGE False DARK False 10.0 J,H,K False "Daytime calib slow readout" -1 nan True nan True 39 2022-03-10T09:38:19 2022-03-10T10:10:03 2 2022-03-10T09:44:26 2022-03-10T10:49:15 9 2022-03-10T08:52:52 2022-03-10T08:53:12 0.0 0.0 0.0 0.0 0.0 0.0 0.0
Calib 108 2022-03-09 True True DARK False "" True -596.52323555 True -596.52323555 True GROND.2022-03-10T09:53:54.536 False ESO-2.2m GROND 60.A-9080(A) 0108.A-9099(A) Service CALIB IMAGE False DARK False 10.0 J,H,K False "Daytime calib slow readout" -1 nan True nan True 39 2022-03-10T09:38:19 2022-03-10T10:10:03 2 2022-03-10T09:44:26 2022-03-10T10:49:15 10 2022-03-10T08:53:54 2022-03-10T08:54:14 0.0 0.0 0.0 0.0 0.0 0.0 0.0
Calib 108 2022-03-09 True True DARK False "" True -596.52323555 True -596.52323555 True GROND.2022-03-10T09:54:59.343 False ESO-2.2m GROND 60.A-9080(A) 0108.A-9099(A) Service CALIB IMAGE False DARK False 600.007 G,R,I,Z False "Daytime calib slow readout" -1 nan True nan True 39 2022-03-10T09:38:19 2022-03-10T10:10:03 2 2022-03-10T09:44:26 2022-03-10T10:49:15 11 2022-03-10T08:54:59 2022-03-10T09:05:59 0.0 0.0 0.0 0.0 0.0 0.0 0.0
Calib 108 2022-03-09 True True DARK False "" True -596.52323555 True -596.52323555 True GROND.2022-03-10T10:05:51.240 False ESO-2.2m GROND 60.A-9080(A) 0108.A-9099(A) Service CALIB IMAGE False DARK False 600.008 G,R,I,Z False "Daytime calib slow readout" -1 nan True nan True 39 2022-03-10T09:38:19 2022-03-10T10:10:03 2 2022-03-10T09:44:26 2022-03-10T10:49:15 12 2022-03-10T09:05:51 2022-03-10T09:16:51 0.0 0.0 0.0 0.0 0.0 0.0 0.0
Calib 108 2022-03-09 True True DARK False "" True -596.52323555 True -596.52323555 True GROND.2022-03-10T10:16:43.250 False ESO-2.2m GROND 60.A-9080(A) 0108.A-9099(A) Service CALIB IMAGE False DARK False 600.006 G,R,I,Z False "Daytime calib slow readout" -1 nan True nan True 39 2022-03-10T09:38:19 2022-03-10T10:10:03 2 2022-03-10T09:44:26 2022-03-10T10:49:15 13 2022-03-10T09:16:43 2022-03-10T09:27:43 0.0 0.0 0.0 0.0 0.0 0.0 0.0
Calib 108 2022-03-09 True True DARK False "" True -596.52323555 True -596.52323555 True GROND.2022-03-10T10:27:35.227 False ESO-2.2m GROND 60.A-9080(A) 0108.A-9099(A) Service CALIB IMAGE False DARK False 600.007 G,R,I,Z False "Daytime calib slow readout" -1 nan True nan True 39 2022-03-10T09:38:19 2022-03-10T10:10:03 2 2022-03-10T09:44:26 2022-03-10T10:49:15 14 2022-03-10T09:27:35 2022-03-10T09:38:35 0.0 0.0 0.0 0.0 0.0 0.0 0.0
Calib 108 2022-03-09 True True DARK False "" True -596.52323555 True -596.52323555 True GROND.2022-03-10T10:38:27.235 False ESO-2.2m GROND 60.A-9080(A) 0108.A-9099(A) Service CALIB IMAGE False DARK False 600.008 G,R,I,Z False "Daytime calib slow readout" -1 nan True nan True 39 2022-03-10T09:38:19 2022-03-10T10:10:03 2 2022-03-10T09:44:26 2022-03-10T10:49:15 15 2022-03-10T09:38:27 2022-03-10T09:49:27 0.0 0.0 0.0 0.0 0.0 0.0 0.0
Calib 108 2022-03-09 True True DARK False "" True -596.52323555 True -596.52323555 True GROND.2022-03-10T10:49:18.005 False ESO-2.2m GROND 60.A-9080(A) 0108.A-9099(A) Service CALIB IMAGE False DARK False 3.0 J,H,K False "Daytime calib slow readout" -1 nan True nan True 39 2022-03-10T09:38:19 2022-03-10T10:10:03 3 2022-03-10T10:49:15 2022-03-10T10:53:52 1 2022-03-10T09:49:18 2022-03-10T09:49:31 0.0 0.0 0.0 0.0 0.0 0.0 0.0
Calib 108 2022-03-09 True True DARK False "" True -596.52323555 True -596.52323555 True GROND.2022-03-10T10:49:45.487 False ESO-2.2m GROND 60.A-9080(A) 0108.A-9099(A) Service CALIB IMAGE False DARK False 3.0 J,H,K False "Daytime calib slow readout" -1 nan True nan True 39 2022-03-10T09:38:19 2022-03-10T10:10:03 3 2022-03-10T10:49:15 2022-03-10T10:53:52 2 2022-03-10T09:49:45 2022-03-10T09:49:58 0.0 0.0 0.0 0.0 0.0 0.0 0.0
Calib 108 2022-03-09 True True DARK False "" True -596.52323555 True -596.52323555 True GROND.2022-03-10T10:50:12.970 False ESO-2.2m GROND 60.A-9080(A) 0108.A-9099(A) Service CALIB IMAGE False DARK False 3.0 J,H,K False "Daytime calib slow readout" -1 nan True nan True 39 2022-03-10T09:38:19 2022-03-10T10:10:03 3 2022-03-10T10:49:15 2022-03-10T10:53:52 3 2022-03-10T09:50:12 2022-03-10T09:50:25 0.0 0.0 0.0 0.0 0.0 0.0 0.0
Calib 108 2022-03-09 True True DARK False "" True -596.52323555 True -596.52323555 True GROND.2022-03-10T10:50:40.453 False ESO-2.2m GROND 60.A-9080(A) 0108.A-9099(A) Service CALIB IMAGE False DARK False 3.0 J,H,K False "Daytime calib slow readout" -1 nan True nan True 39 2022-03-10T09:38:19 2022-03-10T10:10:03 3 2022-03-10T10:49:15 2022-03-10T10:53:52 4 2022-03-10T09:50:40 2022-03-10T09:50:53 0.0 0.0 0.0 0.0 0.0 0.0 0.0
Calib 108 2022-03-09 True True DARK False "" True -596.52323555 True -596.52323555 True GROND.2022-03-10T10:51:07.935 False ESO-2.2m GROND 60.A-9080(A) 0108.A-9099(A) Service CALIB IMAGE False DARK False 3.0 J,H,K False "Daytime calib slow readout" -1 nan True nan True 39 2022-03-10T09:38:19 2022-03-10T10:10:03 3 2022-03-10T10:49:15 2022-03-10T10:53:52 5 2022-03-10T09:51:07 2022-03-10T09:51:20 0.0 0.0 0.0 0.0 0.0 0.0 0.0
Calib 108 2022-03-09 True True DARK False "" True -596.52323555 True -596.52323555 True GROND.2022-03-10T10:51:35.418 False ESO-2.2m GROND 60.A-9080(A) 0108.A-9099(A) Service CALIB IMAGE False DARK False 3.0 J,H,K False "Daytime calib slow readout" -1 nan True nan True 39 2022-03-10T09:38:19 2022-03-10T10:10:03 3 2022-03-10T10:49:15 2022-03-10T10:53:52 6 2022-03-10T09:51:35 2022-03-10T09:51:48 0.0 0.0 0.0 0.0 0.0 0.0 0.0
Calib 108 2022-03-09 True True DARK False "" True -596.52323555 True -596.52323555 True GROND.2022-03-10T10:52:02.959 False ESO-2.2m GROND 60.A-9080(A) 0108.A-9099(A) Service CALIB IMAGE False DARK False 3.0 J,H,K False "Daytime calib slow readout" -1 nan True nan True 39 2022-03-10T09:38:19 2022-03-10T10:10:03 3 2022-03-10T10:49:15 2022-03-10T10:53:52 7 2022-03-10T09:52:02 2022-03-10T09:52:15 0.0 0.0 0.0 0.0 0.0 0.0 0.0
Calib 108 2022-03-09 True True DARK False "" True -596.52323555 True -596.52323555 True GROND.2022-03-10T10:52:30.441 False ESO-2.2m GROND 60.A-9080(A) 0108.A-9099(A) Service CALIB IMAGE False DARK False 3.0 J,H,K False "Daytime calib slow readout" -1 nan True nan True 39 2022-03-10T09:38:19 2022-03-10T10:10:03 3 2022-03-10T10:49:15 2022-03-10T10:53:52 8 2022-03-10T09:52:30 2022-03-10T09:52:43 0.0 0.0 0.0 0.0 0.0 0.0 0.0
Calib 108 2022-03-09 True True DARK False "" True -596.52323555 True -596.52323555 True GROND.2022-03-10T10:52:57.962 False ESO-2.2m GROND 60.A-9080(A) 0108.A-9099(A) Service CALIB IMAGE False DARK False 3.0 J,H,K False "Daytime calib slow readout" -1 nan True nan True 39 2022-03-10T09:38:19 2022-03-10T10:10:03 3 2022-03-10T10:49:15 2022-03-10T10:53:52 9 2022-03-10T09:52:57 2022-03-10T09:53:10 0.0 0.0 0.0 0.0 0.0 0.0 0.0
Calib 108 2022-03-09 True True DARK False "" True -596.52323555 True -596.52323555 True GROND.2022-03-10T10:53:25.428 False ESO-2.2m GROND 60.A-9080(A) 0108.A-9099(A) Service CALIB IMAGE False DARK False 3.0 J,H,K False "Daytime calib slow readout" -1 nan True nan True 39 2022-03-10T09:38:19 2022-03-10T10:10:03 3 2022-03-10T10:49:15 2022-03-10T10:53:52 10 2022-03-10T09:53:25 2022-03-10T09:53:38 0.0 0.0 0.0 0.0 0.0 0.0 0.0
Calib 108 2022-03-09 True True DARK False "" True -596.52323555 True -596.52323555 True GROND.2022-03-10T10:53:55.155 False ESO-2.2m GROND 60.A-9080(A) 0108.A-9099(A) Service CALIB IMAGE False DARK False 6.0 J,H,K False "Daytime calib slow readout" -1 nan True nan True 39 2022-03-10T09:38:19 2022-03-10T10:10:03 4 2022-03-10T10:53:52 2022-03-10T11:00:59 1 2022-03-10T09:53:55 2022-03-10T09:54:11 0.0 0.0 0.0 0.0 0.0 0.0 0.0
Calib 108 2022-03-09 True True DARK False "" True -596.52323555 True -596.52323555 True GROND.2022-03-10T10:54:37.638 False ESO-2.2m GROND 60.A-9080(A) 0108.A-9099(A) Service CALIB IMAGE False DARK False 6.0 J,H,K False "Daytime calib slow readout" -1 nan True nan True 39 2022-03-10T09:38:19 2022-03-10T10:10:03 4 2022-03-10T10:53:52 2022-03-10T11:00:59 2 2022-03-10T09:54:37 2022-03-10T09:54:53 0.0 0.0 0.0 0.0 0.0 0.0 0.0
Calib 108 2022-03-09 True True DARK False "" True -596.52323555 True -596.52323555 True GROND.2022-03-10T10:55:20.122 False ESO-2.2m GROND 60.A-9080(A) 0108.A-9099(A) Service CALIB IMAGE False DARK False 6.0 J,H,K False "Daytime calib slow readout" -1 nan True nan True 39 2022-03-10T09:38:19 2022-03-10T10:10:03 4 2022-03-10T10:53:52 2022-03-10T11:00:59 3 2022-03-10T09:55:20 2022-03-10T09:55:36 0.0 0.0 0.0 0.0 0.0 0.0 0.0
Calib 108 2022-03-09 True True DARK False "" True -596.52323555 True -596.52323555 True GROND.2022-03-10T10:56:02.603 False ESO-2.2m GROND 60.A-9080(A) 0108.A-9099(A) Service CALIB IMAGE False DARK False 6.0 J,H,K False "Daytime calib slow readout" -1 nan True nan True 39 2022-03-10T09:38:19 2022-03-10T10:10:03 4 2022-03-10T10:53:52 2022-03-10T11:00:59 4 2022-03-10T09:56:02 2022-03-10T09:56:18 0.0 0.0 0.0 0.0 0.0 0.0 0.0
Calib 108 2022-03-09 True True DARK False "" True -596.52323555 True -596.52323555 True GROND.2022-03-10T10:56:45.086 False ESO-2.2m GROND 60.A-9080(A) 0108.A-9099(A) Service CALIB IMAGE False DARK False 6.0 J,H,K False "Daytime calib slow readout" -1 nan True nan True 39 2022-03-10T09:38:19 2022-03-10T10:10:03 4 2022-03-10T10:53:52 2022-03-10T11:00:59 5 2022-03-10T09:56:45 2022-03-10T09:57:01 0.0 0.0 0.0 0.0 0.0 0.0 0.0
Calib 108 2022-03-09 True True DARK False "" True -596.52323555 True -596.52323555 True GROND.2022-03-10T10:57:27.569 False ESO-2.2m GROND 60.A-9080(A) 0108.A-9099(A) Service CALIB IMAGE False DARK False 6.0 J,H,K False "Daytime calib slow readout" -1 nan True nan True 39 2022-03-10T09:38:19 2022-03-10T10:10:03 4 2022-03-10T10:53:52 2022-03-10T11:00:59 6 2022-03-10T09:57:27 2022-03-10T09:57:43 0.0 0.0 0.0 0.0 0.0 0.0 0.0
Calib 108 2022-03-09 True True DARK False "" True -596.52323555 True -596.52323555 True GROND.2022-03-10T10:58:10.051 False ESO-2.2m GROND 60.A-9080(A) 0108.A-9099(A) Service CALIB IMAGE False DARK False 6.0 J,H,K False "Daytime calib slow readout" -1 nan True nan True 39 2022-03-10T09:38:19 2022-03-10T10:10:03 4 2022-03-10T10:53:52 2022-03-10T11:00:59 7 2022-03-10T09:58:10 2022-03-10T09:58:26 0.0 0.0 0.0 0.0 0.0 0.0 0.0
Calib 108 2022-03-09 True True DARK False "" True -596.52323555 True -596.52323555 True GROND.2022-03-10T10:58:52.534 False ESO-2.2m GROND 60.A-9080(A) 0108.A-9099(A) Service CALIB IMAGE False DARK False 6.0 J,H,K False "Daytime calib slow readout" -1 nan True nan True 39 2022-03-10T09:38:19 2022-03-10T10:10:03 4 2022-03-10T10:53:52 2022-03-10T11:00:59 8 2022-03-10T09:58:52 2022-03-10T09:59:08 0.0 0.0 0.0 0.0 0.0 0.0 0.0
Calib 108 2022-03-09 True True DARK False "" True -596.52323555 True -596.52323555 True GROND.2022-03-10T10:59:35.015 False ESO-2.2m GROND 60.A-9080(A) 0108.A-9099(A) Service CALIB IMAGE False DARK False 6.0 J,H,K False "Daytime calib slow readout" -1 nan True nan True 39 2022-03-10T09:38:19 2022-03-10T10:10:03 4 2022-03-10T10:53:52 2022-03-10T11:00:59 9 2022-03-10T09:59:35 2022-03-10T09:59:51 0.0 0.0 0.0 0.0 0.0 0.0 0.0
Calib 108 2022-03-09 True True DARK False "" True -596.52323555 True -596.52323555 True GROND.2022-03-10T11:00:17.504 False ESO-2.2m GROND 60.A-9080(A) 0108.A-9099(A) Service CALIB IMAGE False DARK False 6.0 J,H,K False "Daytime calib slow readout" -1 nan True nan True 39 2022-03-10T09:38:19 2022-03-10T10:10:03 4 2022-03-10T10:53:52 2022-03-10T11:00:59 10 2022-03-10T10:00:17 2022-03-10T10:00:33 0.0 0.0 0.0 0.0 0.0 0.0 0.0
Calib 108 2022-03-09 True True DARK False "" True -596.52323555 True -596.52323555 True GROND.2022-03-10T11:01:02.236 False ESO-2.2m GROND 60.A-9080(A) 0108.A-9099(A) Service CALIB IMAGE False DARK False 4.0 J,H,K False "Daytime calib slow readout" -1 nan True nan True 39 2022-03-10T09:38:19 2022-03-10T10:10:03 5 2022-03-10T11:00:59 2022-03-10T11:06:26 1 2022-03-10T10:01:02 2022-03-10T10:01:16 0.0 0.0 0.0 0.0 0.0 0.0 0.0
Calib 108 2022-03-09 True True DARK False "" True -596.52323555 True -596.52323555 True GROND.2022-03-10T11:01:34.736 False ESO-2.2m GROND 60.A-9080(A) 0108.A-9099(A) Service CALIB IMAGE False DARK False 4.0 J,H,K False "Daytime calib slow readout" -1 nan True nan True 39 2022-03-10T09:38:19 2022-03-10T10:10:03 5 2022-03-10T11:00:59 2022-03-10T11:06:26 2 2022-03-10T10:01:34 2022-03-10T10:01:48 0.0 0.0 0.0 0.0 0.0 0.0 0.0
Calib 108 2022-03-09 True True DARK False "" True -596.52323555 True -596.52323555 True GROND.2022-03-10T11:02:07.231 False ESO-2.2m GROND 60.A-9080(A) 0108.A-9099(A) Service CALIB IMAGE False DARK False 4.0 J,H,K False "Daytime calib slow readout" -1 nan True nan True 39 2022-03-10T09:38:19 2022-03-10T10:10:03 5 2022-03-10T11:00:59 2022-03-10T11:06:26 3 2022-03-10T10:02:07 2022-03-10T10:02:21 0.0 0.0 0.0 0.0 0.0 0.0 0.0
Calib 108 2022-03-09 True True DARK False "" True -596.52323555 True -596.52323555 True GROND.2022-03-10T11:02:39.696 False ESO-2.2m GROND 60.A-9080(A) 0108.A-9099(A) Service CALIB IMAGE False DARK False 4.0 J,H,K False "Daytime calib slow readout" -1 nan True nan True 39 2022-03-10T09:38:19 2022-03-10T10:10:03 5 2022-03-10T11:00:59 2022-03-10T11:06:26 4 2022-03-10T10:02:39 2022-03-10T10:02:53 0.0 0.0 0.0 0.0 0.0 0.0 0.0
Calib 108 2022-03-09 True True DARK False "" True -596.52323555 True -596.52323555 True GROND.2022-03-10T11:03:12.181 False ESO-2.2m GROND 60.A-9080(A) 0108.A-9099(A) Service CALIB IMAGE False DARK False 4.0 J,H,K False "Daytime calib slow readout" -1 nan True nan True 39 2022-03-10T09:38:19 2022-03-10T10:10:03 5 2022-03-10T11:00:59 2022-03-10T11:06:26 5 2022-03-10T10:03:12 2022-03-10T10:03:26 0.0 0.0 0.0 0.0 0.0 0.0 0.0
Calib 108 2022-03-09 True True DARK False "" True -596.52323555 True -596.52323555 True GROND.2022-03-10T11:03:44.662 False ESO-2.2m GROND 60.A-9080(A) 0108.A-9099(A) Service CALIB IMAGE False DARK False 4.0 J,H,K False "Daytime calib slow readout" -1 nan True nan True 39 2022-03-10T09:38:19 2022-03-10T10:10:03 5 2022-03-10T11:00:59 2022-03-10T11:06:26 6 2022-03-10T10:03:44 2022-03-10T10:03:58 0.0 0.0 0.0 0.0 0.0 0.0 0.0
Calib 108 2022-03-09 True True DARK False "" True -596.52323555 True -596.52323555 True GROND.2022-03-10T11:04:17.147 False ESO-2.2m GROND 60.A-9080(A) 0108.A-9099(A) Service CALIB IMAGE False DARK False 4.0 J,H,K False "Daytime calib slow readout" -1 nan True nan True 39 2022-03-10T09:38:19 2022-03-10T10:10:03 5 2022-03-10T11:00:59 2022-03-10T11:06:26 7 2022-03-10T10:04:17 2022-03-10T10:04:31 0.0 0.0 0.0 0.0 0.0 0.0 0.0
Calib 108 2022-03-09 True True DARK False "" True -596.52323555 True -596.52323555 True GROND.2022-03-10T11:04:49.629 False ESO-2.2m GROND 60.A-9080(A) 0108.A-9099(A) Service CALIB IMAGE False DARK False 4.0 J,H,K False "Daytime calib slow readout" -1 nan True nan True 39 2022-03-10T09:38:19 2022-03-10T10:10:03 5 2022-03-10T11:00:59 2022-03-10T11:06:26 8 2022-03-10T10:04:49 2022-03-10T10:05:03 0.0 0.0 0.0 0.0 0.0 0.0 0.0
Calib 108 2022-03-09 True True DARK False "" True -596.52323555 True -596.52323555 True GROND.2022-03-10T11:05:22.109 False ESO-2.2m GROND 60.A-9080(A) 0108.A-9099(A) Service CALIB IMAGE False DARK False 4.0 J,H,K False "Daytime calib slow readout" -1 nan True nan True 39 2022-03-10T09:38:19 2022-03-10T10:10:03 5 2022-03-10T11:00:59 2022-03-10T11:06:26 9 2022-03-10T10:05:22 2022-03-10T10:05:36 0.0 0.0 0.0 0.0 0.0 0.0 0.0
Calib 108 2022-03-09 True True DARK False "" True -596.52323555 True -596.52323555 True GROND.2022-03-10T11:05:54.590 False ESO-2.2m GROND 60.A-9080(A) 0108.A-9099(A) Service CALIB IMAGE False DARK False 4.0 J,H,K False "Daytime calib slow readout" -1 nan True nan True 39 2022-03-10T09:38:19 2022-03-10T10:10:03 5 2022-03-10T11:00:59 2022-03-10T11:06:26 10 2022-03-10T10:05:54 2022-03-10T10:06:08 0.0 0.0 0.0 0.0 0.0 0.0 0.0
Calib 108 2022-03-09 True True DARK False "" True -596.52323555 True -596.52323555 True GROND.2022-03-10T11:06:29.350 False ESO-2.2m GROND 60.A-9080(A) 0108.A-9099(A) Service CALIB IMAGE False DARK False 2.0 J,H,K False "Daytime calib slow readout" -1 nan True nan True 39 2022-03-10T09:38:19 2022-03-10T10:10:03 6 2022-03-10T11:06:26 2022-03-10T10:10:03 1 2022-03-10T10:06:29 2022-03-10T10:06:41 0.0 0.0 0.0 0.0 0.0 0.0 -0.0
Calib 108 2022-03-09 True True DARK False "" True -596.52323555 True -596.52323555 True GROND.2022-03-10T11:06:51.833 False ESO-2.2m GROND 60.A-9080(A) 0108.A-9099(A) Service CALIB IMAGE False DARK False 2.0 J,H,K False "Daytime calib slow readout" -1 nan True nan True 39 2022-03-10T09:38:19 2022-03-10T10:10:03 6 2022-03-10T11:06:26 2022-03-10T10:10:03 2 2022-03-10T10:06:51 2022-03-10T10:07:03 0.0 0.0 0.0 0.0 0.0 0.0 -0.0
Calib 108 2022-03-09 True True DARK False "" True -596.52323555 True -596.52323555 True GROND.2022-03-10T11:07:14.317 False ESO-2.2m GROND 60.A-9080(A) 0108.A-9099(A) Service CALIB IMAGE False DARK False 2.0 J,H,K False "Daytime calib slow readout" -1 nan True nan True 39 2022-03-10T09:38:19 2022-03-10T10:10:03 6 2022-03-10T11:06:26 2022-03-10T10:10:03 3 2022-03-10T10:07:14 2022-03-10T10:07:26 0.0 0.0 0.0 0.0 0.0 0.0 -0.0
Calib 108 2022-03-09 True True DARK False "" True -596.52323555 True -596.52323555 True GROND.2022-03-10T11:07:36.799 False ESO-2.2m GROND 60.A-9080(A) 0108.A-9099(A) Service CALIB IMAGE False DARK False 2.0 J,H,K False "Daytime calib slow readout" -1 nan True nan True 39 2022-03-10T09:38:19 2022-03-10T10:10:03 6 2022-03-10T11:06:26 2022-03-10T10:10:03 4 2022-03-10T10:07:36 2022-03-10T10:07:48 0.0 0.0 0.0 0.0 0.0 0.0 -0.0
Calib 108 2022-03-09 True True DARK False "" True -596.52323555 True -596.52323555 True GROND.2022-03-10T11:07:59.282 False ESO-2.2m GROND 60.A-9080(A) 0108.A-9099(A) Service CALIB IMAGE False DARK False 2.0 J,H,K False "Daytime calib slow readout" -1 nan True nan True 39 2022-03-10T09:38:19 2022-03-10T10:10:03 6 2022-03-10T11:06:26 2022-03-10T10:10:03 5 2022-03-10T10:07:59 2022-03-10T10:08:11 0.0 0.0 0.0 0.0 0.0 0.0 -0.0
Calib 108 2022-03-09 True True DARK False "" True -596.52323555 True -596.52323555 True GROND.2022-03-10T11:08:21.763 False ESO-2.2m GROND 60.A-9080(A) 0108.A-9099(A) Service CALIB IMAGE False DARK False 2.0 J,H,K False "Daytime calib slow readout" -1 nan True nan True 39 2022-03-10T09:38:19 2022-03-10T10:10:03 6 2022-03-10T11:06:26 2022-03-10T10:10:03 6 2022-03-10T10:08:21 2022-03-10T10:08:33 0.0 0.0 0.0 0.0 0.0 0.0 -0.0
Calib 108 2022-03-09 True True DARK False "" True -596.52323555 True -596.52323555 True GROND.2022-03-10T11:08:44.244 False ESO-2.2m GROND 60.A-9080(A) 0108.A-9099(A) Service CALIB IMAGE False DARK False 2.0 J,H,K False "Daytime calib slow readout" -1 nan True nan True 39 2022-03-10T09:38:19 2022-03-10T10:10:03 6 2022-03-10T11:06:26 2022-03-10T10:10:03 7 2022-03-10T10:08:44 2022-03-10T10:08:56 0.0 0.0 0.0 0.0 0.0 0.0 -0.0
Calib 108 2022-03-09 True True DARK False "" True -596.52323555 True -596.52323555 True GROND.2022-03-10T11:09:06.727 False ESO-2.2m GROND 60.A-9080(A) 0108.A-9099(A) Service CALIB IMAGE False DARK False 2.0 J,H,K False "Daytime calib slow readout" -1 nan True nan True 39 2022-03-10T09:38:19 2022-03-10T10:10:03 6 2022-03-10T11:06:26 2022-03-10T10:10:03 8 2022-03-10T10:09:06 2022-03-10T10:09:18 0.0 0.0 0.0 0.0 0.0 0.0 -0.0
Calib 108 2022-03-09 True True DARK False "" True -596.52323555 True -596.52323555 True GROND.2022-03-10T11:09:29.208 False ESO-2.2m GROND 60.A-9080(A) 0108.A-9099(A) Service CALIB IMAGE False DARK False 2.0 J,H,K False "Daytime calib slow readout" -1 nan True nan True 39 2022-03-10T09:38:19 2022-03-10T10:10:03 6 2022-03-10T11:06:26 2022-03-10T10:10:03 9 2022-03-10T10:09:29 2022-03-10T10:09:41 0.0 0.0 0.0 0.0 0.0 0.0 -0.0
Calib 108 2022-03-09 True True DARK False "" True -596.52323555 True -596.52323555 True GROND.2022-03-10T11:09:51.689 False ESO-2.2m GROND 60.A-9080(A) 0108.A-9099(A) Service CALIB IMAGE False DARK False 2.0 J,H,K False "Daytime calib slow readout" -1 nan True nan True 39 2022-03-10T09:38:19 2022-03-10T10:10:03 6 2022-03-10T11:06:26 2022-03-10T10:10:03 10 2022-03-10T10:09:51 2022-03-10T10:10:03 0.0 0.0 0.0 0.0 0.0 0.0 -0.0
xxxxxxxxxxxx 0 xxxxxxxxxx False False xxxxxxxxxxxxxxxxxxxxxxxxxxxxxxxxxxxxxxxxxxxxxxxxxxxxxxxxxxxxxxxx False xxxxxxxxxxxxxxxxxxxxxxxxxxxxxxxxxxxxxxxxxxxxxxxxxxxxxxxxxxxxxxxx False 0.0 False 0.0 False xxxxxxxxxxxxxxxxxxxxxxxxxxxxxx False xxxxxxxxxxxxxxxxxxxxxxxxxxxxxxxxxxxxxxxxxxxxxxxxxxxxxxxxxxxxxxxxxxxx xxxxxxxxxxxxxxxxxxxx xxxxxxxxxxxxxxx xxxxxxxxxxxxxxx xxxxxxxxxxxxxxxxxxxxxxxxxxxxxxxxxxxxxxxxxxxxxxxxxxxxxxxxxxxxxxxxxxxxxxxxxxxxxxxxxxxxxxxxxxxxxxxxxxxxxxxxxxxxxxxxxxxxxxxxxxxxxxxxxxxxxxxxxxxxxxxxxxxxxxxxxxxxxxxxxxxxxxxxxxxxxxxxxxxxxxxxxxxxxxxxxxxxxxxxxxxxxxxxxxxxxxxxxxxxxxxxxxxxxxxxxxxxxxxxxxxxxxxxxxxxxxx xxxxxxxxxxx xxxxxxxxxxxxxxxxxxxxxxxxxxxxxx False xxxxxxxxxxxxxxxxxxxxxxxxxxxxxx False 0.0 xxxxxxxxxxxxxxxxxxxxxxxxxxxxxxxxxxxxxxxxxxxxxxxxxxxxxxxxxxxxxxxxxxxxxxxxxxxxxxxxxxxxxxxxxxxxxxxxxxxxxxxxxxxxxxxxxxxxxxxxxxxxxxxxxxxxxxxxxxxxxxxxxxxxxxxxxxxxxxxxxxxxxxxxxxxxxxxxxxxxxxxxxxxxxxxxxxxxxxxxxxxxxxxxxxxxxxxxxxxxxxxxxxxxxxxxxxxxxxxxxxxxxxxxxxxxxxx False xxxxxxxxxxxxxxxxxxxxxxxxxxxxxxxxxxxxxxxxxxxxxxxxxxxxxxxxxxxxxxxxxxxxxx 0 0.0 False 0.0 False 0 xxxxxxxxxxxxxxxxxxx xxxxxxxxxxxxxxxxxxx 0 xxxxxxxxxxxxxxxxxxx xxxxxxxxxxxxxxxxxxx 0 xxxxxxxxxxxxxxxxxxx xxxxxxxxxxxxxxxxxxx 0.0 0.0 0.0 0.0 0.0 0.0 0.0
