# %ECSV 1.0
# ---
# datatype:
# - {name: tac, datatype: string}
# - {name: period, datatype: int32, description: ESO observing period}
# - {name: night, datatype: string, description: observing night}
# - {name: internal, datatype: bool, description: flag for internal instrument calibration}
# - {name: slew, datatype: bool, description: flag for non-tracking observations}
# - {name: object, datatype: string, description: name of the object in the exposure}
# - {name: target, datatype: string, description: name of the astronomical target}
# - {name: target.mask, datatype: bool}
# - name: ra
#   unit: deg
#   datatype: float64
#   description: Right Ascension FK5 J2000
#   meta: !!omap
#   - {ucd: pos.eq.ra;meta.main}
# - {name: ra.mask, datatype: bool}
# - name: dec
#   unit: deg
#   datatype: float64
#   description: Declination FK5 J2000
#   meta: !!omap
#   - {ucd: pos.eq.dec;meta.main}
# - {name: dec.mask, datatype: bool}
# - {name: dp_id, datatype: string}
# - {name: dp_id.mask, datatype: bool}
# - {name: telescope, datatype: string, description: telescope name}
# - {name: instrument, datatype: string, description: instrument name}
# - {name: pid, datatype: string, description: ESO programme ID allocated by TAC}
# - {name: used_pid, datatype: string, description: ESO programme ID used to observe}
# - {name: pi, datatype: string, description: name of the principal investigator}
# - {name: dp_cat, datatype: string, description: purpose of observation}
# - {name: dp_tech, datatype: string, description: observing technique}
# - {name: dp_tech.mask, datatype: bool}
# - {name: dp_type, datatype: string, description: type of exposure}
# - {name: dp_type.mask, datatype: bool}
# - name: exposure
#   unit: s
#   datatype: float32
#   format: .0f
#   description: cumulated exposure time
#   meta: !!omap
#   - {ucd: time.duration;obs.exposure}
# - {name: filter, datatype: string, description: list of filtres in the optical path}
# - {name: filter.mask, datatype: bool}
# - {name: ob_name, datatype: string, description: name of the observing block}
# - name: ob_id
#   datatype: int32
#   description: observing block ID number
#   meta: !!omap
#   - {ucd: meta.id;obs;meta.main}
# - {name: airmass, datatype: float32, format: .2f, description: airmass during the exposure}
# - {name: airmass.mask, datatype: bool}
# - {name: seeing, unit: arcsec, datatype: float32, format: .2f, description: DIMM seeing during the exposure}
# - {name: seeing.mask, datatype: bool}
# - name: ob_no
#   datatype: int32
#   description: unique OB number within the night
#   meta: !!omap
#   - {ucd: meta.code.member;obs.sequence}
# - {name: ob_start, datatype: string, description: estimated start time of the execution of the OB}
# - {name: ob_end, datatype: string, description: estimated end time of the execution of the OB}
# - name: tpl_no
#   datatype: int32
#   description: template number within OB
#   meta: !!omap
#   - {ucd: meta.code.member;obs.sequence}
# - {name: tpl_start, datatype: string, description: time at start of observing template}
# - {name: tpl_end, datatype: string, description: estimated end time of the execution of the observing template}
# - name: exp_no
#   datatype: int32
#   description: exposure number within template
#   meta: !!omap
#   - {ucd: meta.number;obs}
# - {name: exp_start, datatype: string, description: time at start of exposure}
# - {name: exp_end, datatype: string, description: estimated end time of the exposure}
# - {name: night_hours, unit: h, datatype: float64, format: .3f, description: number of hours of night conditions}
# - {name: dark_hours, unit: h, datatype: float64, format: .3f, description: number of hours of dark conditions}
# - {name: twilight_hours, unit: h, datatype: float64, format: .3f, description: number of hours of twilight conditions}
# - {name: nautical_twilight_hours, unit: h, datatype: float64, format: .3f, description: number of hours of nauticaltwilight conditions}
# - {name: civil_twilight_hours, unit: h, datatype: float64, format: .3f, description: number of hours of civiltwilight conditions}
# - {name: sun_down_hours, unit: h, datatype: float64, format: .3f, description: number of hours of sundown conditions}
# - {name: total_hours, unit: h, datatype: float64, format: .3f, description: number of hours}
# meta: !!omap
# - {site: La Silla Observatory}
# - {lon: -70.73000000000002}
# - {lat: -29.25666666666666}
# - {alt: 2346.999999998842}
# - {telescope: ESO-2.2m}
# - {period: 108}
# - {night: '2021-11-30'}
# - {rootdir: .}
# - ephemeris:
#     civil_twilight_hours: 0.89
#     civil_twilight_time:
#     - ['2021-11-30T23:27:49', '2021-11-30T23:54:31']
#     - ['2021-12-01T09:09:05', '2021-12-01T09:35:47']
#     dark_hours: 6.493888888888889
#     dark_time:
#     - ['2021-12-01T01:00:55', '2021-12-01T07:30:33']
#     moon_illumination: 0.13942197805040557
#     nautical_twilight_hours: 1.075
#     nautical_twilight_time:
#     - ['2021-11-30T23:54:31', '2021-12-01T00:26:46']
#     - ['2021-12-01T08:36:50', '2021-12-01T09:09:05']
#     night_hours: 7.029166666666667
#     night_time:
#     - ['2021-12-01T01:00:55', '2021-12-01T08:02:40']
#     sun_down_hours: 10.132777777777777
#     sun_down_time:
#     - ['2021-11-30T23:27:49', '2021-12-01T09:35:47']
#     twilight_hours: 1.138611111111111
#     twilight_time:
#     - ['2021-12-01T00:26:46', '2021-12-01T01:00:55']
#     - ['2021-12-01T08:02:40', '2021-12-01T08:36:50']
# - {roodir: .}
# - {wwwdir: /data/www/twoptwo.com}
# - __serialized_columns__:
#     airmass:
#       __class__: astropy.table.column.MaskedColumn
#       data: !astropy.table.SerializedColumn {name: airmass}
#       mask: !astropy.table.SerializedColumn {name: airmass.mask}
#     dec:
#       __class__: astropy.table.column.MaskedColumn
#       data: !astropy.table.SerializedColumn {name: dec}
#       mask: !astropy.table.SerializedColumn {name: dec.mask}
#     dp_id:
#       __class__: astropy.table.column.MaskedColumn
#       data: !astropy.table.SerializedColumn {name: dp_id}
#       mask: !astropy.table.SerializedColumn {name: dp_id.mask}
#     dp_tech:
#       __class__: astropy.table.column.MaskedColumn
#       data: !astropy.table.SerializedColumn {name: dp_tech}
#       mask: !astropy.table.SerializedColumn {name: dp_tech.mask}
#     dp_type:
#       __class__: astropy.table.column.MaskedColumn
#       data: !astropy.table.SerializedColumn {name: dp_type}
#       mask: !astropy.table.SerializedColumn {name: dp_type.mask}
#     exp_no:
#       __class__: astropy.table.column.MaskedColumn
#       data: !astropy.table.SerializedColumn {name: exp_no}
#     exposure:
#       __class__: astropy.table.column.MaskedColumn
#       data: !astropy.table.SerializedColumn {name: exposure}
#     filter:
#       __class__: astropy.table.column.MaskedColumn
#       data: !astropy.table.SerializedColumn {name: filter}
#       mask: !astropy.table.SerializedColumn {name: filter.mask}
#     ob_id:
#       __class__: astropy.table.column.MaskedColumn
#       data: !astropy.table.SerializedColumn {name: ob_id}
#     ob_no:
#       __class__: astropy.table.column.MaskedColumn
#       data: !astropy.table.SerializedColumn {name: ob_no}
#     ra:
#       __class__: astropy.table.column.MaskedColumn
#       data: !astropy.table.SerializedColumn {name: ra}
#       mask: !astropy.table.SerializedColumn {name: ra.mask}
#     seeing:
#       __class__: astropy.table.column.MaskedColumn
#       data: !astropy.table.SerializedColumn {name: seeing}
#       mask: !astropy.table.SerializedColumn {name: seeing.mask}
#     tac:
#       __class__: astropy.table.column.MaskedColumn
#       data: !astropy.table.SerializedColumn {name: tac}
#     target:
#       __class__: astropy.table.column.MaskedColumn
#       data: !astropy.table.SerializedColumn {name: target}
#       mask: !astropy.table.SerializedColumn {name: target.mask}
#     tpl_no:
#       __class__: astropy.table.column.MaskedColumn
#       data: !astropy.table.SerializedColumn {name: tpl_no}
# schema: astropy-2.0
tac period night internal slew object target target.mask ra ra.mask dec dec.mask dp_id dp_id.mask telescope instrument pid used_pid pi dp_cat dp_tech dp_tech.mask dp_type dp_type.mask exposure filter filter.mask ob_name ob_id airmass airmass.mask seeing seeing.mask ob_no ob_start ob_end tpl_no tpl_start tpl_end exp_no exp_start exp_end night_hours dark_hours twilight_hours nautical_twilight_hours civil_twilight_hours sun_down_hours total_hours
Calib 108 2021-11-30 False True FLAT,SCREEN "" True 299.54341305 True -80.05494 True WFI.2021-11-30T20:04:59.830 False ESO-2.2m WFI 60.A-9120(A) 60.A-9120(A) Service CALIB IMAGE False FLAT,SCREEN False 1.477 BB#RC/162_ESO844 False DomeFlatsLalaP108 100185402 1.58 True 0.64 True 1 2021-11-30T20:04:26 2021-11-30T19:27:10 1 2021-11-30T20:04:26 2021-11-30T20:08:31 2 2021-11-30T19:04:59 2021-11-30T19:06:00 0.0 0.0 0.0 0.0 0.0 0.0 0.06805555555555555
Calib 108 2021-11-30 False True FLAT,SCREEN "" True 299.72823694 True -80.05526 True WFI.2021-11-30T20:05:42.774 False ESO-2.2m WFI 60.A-9120(A) 60.A-9120(A) Service CALIB IMAGE False FLAT,SCREEN False 1.477 BB#RC/162_ESO844 False DomeFlatsLalaP108 100185402 1.58 True 0.64 True 1 2021-11-30T20:04:26 2021-11-30T19:27:10 1 2021-11-30T20:04:26 2021-11-30T20:08:31 3 2021-11-30T19:05:42 2021-11-30T19:06:43 0.0 0.0 0.0 0.0 0.0 0.0 0.0
Calib 108 2021-11-30 False True FLAT,SCREEN "" True 299.91306694 True -80.05559 True WFI.2021-11-30T20:06:25.790 False ESO-2.2m WFI 60.A-9120(A) 60.A-9120(A) Service CALIB IMAGE False FLAT,SCREEN False 1.478 BB#RC/162_ESO844 False DomeFlatsLalaP108 100185402 1.58 True 0.64 True 1 2021-11-30T20:04:26 2021-11-30T19:27:10 1 2021-11-30T20:04:26 2021-11-30T20:08:31 4 2021-11-30T19:06:25 2021-11-30T19:07:26 0.0 0.0 0.0 0.0 0.0 0.0 0.0
Calib 108 2021-11-30 False True FLAT,SCREEN "" True 300.08950194 True -80.0559 True WFI.2021-11-30T20:07:08.814 False ESO-2.2m WFI 60.A-9120(A) 60.A-9120(A) Service CALIB IMAGE False FLAT,SCREEN False 1.477 BB#RC/162_ESO844 False DomeFlatsLalaP108 100185402 1.58 True 0.64 True 1 2021-11-30T20:04:26 2021-11-30T19:27:10 1 2021-11-30T20:04:26 2021-11-30T20:08:31 5 2021-11-30T19:07:08 2021-11-30T19:08:09 0.0 0.0 0.0 0.0 0.0 0.0 0.0
Calib 108 2021-11-30 False True FLAT,SCREEN "" True 300.27434388 True -80.05622 True WFI.2021-11-30T20:07:52.779 False ESO-2.2m WFI 60.A-9120(A) 60.A-9120(A) Service CALIB IMAGE False FLAT,SCREEN False 1.477 BB#RC/162_ESO844 False DomeFlatsLalaP108 100185402 1.58 True 0.64 True 1 2021-11-30T20:04:26 2021-11-30T19:27:10 1 2021-11-30T20:04:26 2021-11-30T20:08:31 6 2021-11-30T19:07:52 2021-11-30T19:08:53 0.0 0.0 0.0 0.0 0.0 0.0 0.0
Calib 108 2021-11-30 False True FLAT,SCREEN "" True 300.82050194 True -80.05717 True WFI.2021-11-30T20:10:03.734 False ESO-2.2m WFI 60.A-9120(A) 60.A-9120(A) Service CALIB IMAGE False FLAT,SCREEN False 9.693 BB#V/89_ESO843 False DomeFlatsLalaP108 100185402 1.58 True 0.64 True 1 2021-11-30T20:04:26 2021-11-30T19:27:10 2 2021-11-30T20:08:31 2021-11-30T20:14:01 2 2021-11-30T19:10:03 2021-11-30T19:11:12 0.0 0.0 0.0 0.0 0.0 0.0 0.09166666666666666
Calib 108 2021-11-30 False True FLAT,SCREEN "" True 301.03057694 True -80.05753 True WFI.2021-11-30T20:10:52.778 False ESO-2.2m WFI 60.A-9120(A) 60.A-9120(A) Service CALIB IMAGE False FLAT,SCREEN False 9.693 BB#V/89_ESO843 False DomeFlatsLalaP108 100185402 1.58 True 0.64 True 1 2021-11-30T20:04:26 2021-11-30T19:27:10 2 2021-11-30T20:08:31 2021-11-30T20:14:01 3 2021-11-30T19:10:52 2021-11-30T19:12:01 0.0 0.0 0.0 0.0 0.0 0.0 0.0
Calib 108 2021-11-30 False True FLAT,SCREEN "" True 301.24066 True -80.0579 True WFI.2021-11-30T20:11:41.794 False ESO-2.2m WFI 60.A-9120(A) 60.A-9120(A) Service CALIB IMAGE False FLAT,SCREEN False 9.693 BB#V/89_ESO843 False DomeFlatsLalaP108 100185402 1.58 True 0.64 True 1 2021-11-30T20:04:26 2021-11-30T19:27:10 2 2021-11-30T20:08:31 2021-11-30T20:14:01 4 2021-11-30T19:11:41 2021-11-30T19:12:50 0.0 0.0 0.0 0.0 0.0 0.0 0.0
Calib 108 2021-11-30 False True FLAT,SCREEN "" True 301.44234611 True -80.05825 True WFI.2021-11-30T20:12:30.779 False ESO-2.2m WFI 60.A-9120(A) 60.A-9120(A) Service CALIB IMAGE False FLAT,SCREEN False 9.693 BB#V/89_ESO843 False DomeFlatsLalaP108 100185402 1.58 True 0.64 True 1 2021-11-30T20:04:26 2021-11-30T19:27:10 2 2021-11-30T20:08:31 2021-11-30T20:14:01 5 2021-11-30T19:12:30 2021-11-30T19:13:39 0.0 0.0 0.0 0.0 0.0 0.0 0.0
Calib 108 2021-11-30 False True FLAT,SCREEN "" True 301.65244305 True -80.05861 True WFI.2021-11-30T20:13:19.764 False ESO-2.2m WFI 60.A-9120(A) 60.A-9120(A) Service CALIB IMAGE False FLAT,SCREEN False 9.693 BB#V/89_ESO843 False DomeFlatsLalaP108 100185402 1.58 True 0.64 True 1 2021-11-30T20:04:26 2021-11-30T19:27:10 2 2021-11-30T20:08:31 2021-11-30T20:14:01 6 2021-11-30T19:13:19 2021-11-30T19:14:28 0.0 0.0 0.0 0.0 0.0 0.0 0.0
Calib 108 2021-11-30 False True FLAT,SCREEN "" True 302.19032694 True -80.05953 True WFI.2021-11-30T20:15:28.749 False ESO-2.2m WFI 60.A-9120(A) 60.A-9120(A) Service CALIB IMAGE False FLAT,SCREEN False 23.166 BB#B/123_ESO878 False DomeFlatsLalaP108 100185402 1.58 True 0.64 True 1 2021-11-30T20:04:26 2021-11-30T19:27:10 3 2021-11-30T20:14:01 2021-11-30T20:20:34 2 2021-11-30T19:15:28 2021-11-30T19:16:51 0.0 0.0 0.0 0.0 0.0 0.0 0.10916666666666666
Calib 108 2021-11-30 False True FLAT,SCREEN "" True 302.45088305 True -80.05998 True WFI.2021-11-30T20:16:30.775 False ESO-2.2m WFI 60.A-9120(A) 60.A-9120(A) Service CALIB IMAGE False FLAT,SCREEN False 23.166 BB#B/123_ESO878 False DomeFlatsLalaP108 100185402 1.58 True 0.64 True 1 2021-11-30T20:04:26 2021-11-30T19:27:10 3 2021-11-30T20:14:01 2021-11-30T20:20:34 3 2021-11-30T19:16:30 2021-11-30T19:17:53 0.0 0.0 0.0 0.0 0.0 0.0 0.0
Calib 108 2021-11-30 False True FLAT,SCREEN "" True 302.71145 True -80.06042 True WFI.2021-11-30T20:17:32.782 False ESO-2.2m WFI 60.A-9120(A) 60.A-9120(A) Service CALIB IMAGE False FLAT,SCREEN False 23.166 BB#B/123_ESO878 False DomeFlatsLalaP108 100185402 1.58 True 0.64 True 1 2021-11-30T20:04:26 2021-11-30T19:27:10 3 2021-11-30T20:14:01 2021-11-30T20:20:34 4 2021-11-30T19:17:32 2021-11-30T19:18:55 0.0 0.0 0.0 0.0 0.0 0.0 0.0
Calib 108 2021-11-30 False True FLAT,SCREEN "" True 302.97202805 True -80.06087 True WFI.2021-11-30T20:18:34.769 False ESO-2.2m WFI 60.A-9120(A) 60.A-9120(A) Service CALIB IMAGE False FLAT,SCREEN False 23.166 BB#B/123_ESO878 False DomeFlatsLalaP108 100185402 1.58 True 0.64 True 1 2021-11-30T20:04:26 2021-11-30T19:27:10 3 2021-11-30T20:14:01 2021-11-30T20:20:34 5 2021-11-30T19:18:34 2021-11-30T19:19:57 0.0 0.0 0.0 0.0 0.0 0.0 0.0
Calib 108 2021-11-30 False True FLAT,SCREEN "" True 303.23261805 True -80.06131 True WFI.2021-11-30T20:19:36.835 False ESO-2.2m WFI 60.A-9120(A) 60.A-9120(A) Service CALIB IMAGE False FLAT,SCREEN False 23.166 BB#B/123_ESO878 False DomeFlatsLalaP108 100185402 1.58 True 0.64 True 1 2021-11-30T20:04:26 2021-11-30T19:27:10 3 2021-11-30T20:14:01 2021-11-30T20:20:34 6 2021-11-30T19:19:36 2021-11-30T19:20:59 0.0 0.0 0.0 0.0 0.0 0.0 0.0
Calib 108 2021-11-30 False True FLAT,SCREEN "" True 303.86312611 True -80.06237 True WFI.2021-11-30T20:22:07.772 False ESO-2.2m WFI 60.A-9120(A) 60.A-9120(A) Service CALIB IMAGE False FLAT,SCREEN False 102.238 BB#U/50_ESO877 False DomeFlatsLalaP108 100185402 1.58 True 0.64 True 1 2021-11-30T20:04:26 2021-11-30T19:27:10 4 2021-11-30T20:20:34 2021-11-30T19:27:10 2 2021-11-30T19:22:07 2021-11-30T19:24:49 0.0 0.0 0.0 0.0 0.0 0.0 -0.89
Calib 108 2021-11-30 False True FLAT,SCREEN "" True 304.46006805 True -80.06337 True WFI.2021-11-30T20:24:28.788 False ESO-2.2m WFI 60.A-9120(A) 60.A-9120(A) Service CALIB IMAGE False FLAT,SCREEN False 102.238 BB#U/50_ESO877 False DomeFlatsLalaP108 100185402 1.58 True 0.64 True 1 2021-11-30T20:04:26 2021-11-30T19:27:10 4 2021-11-30T20:20:34 2021-11-30T19:27:10 3 2021-11-30T19:24:28 2021-11-30T19:27:10 0.0 0.0 0.0 0.0 0.0 0.0 -0.0
Calib 108 2021-11-30 False True FLAT,SCREEN "" True 305.77186888 True -80.06555 True WFI.2021-11-30T20:29:40.751 False ESO-2.2m WFI 60.A-9120(A) 60.A-9120(A) Service CALIB IMAGE False FLAT,SCREEN False 0.93 BB#RC/162_ESO844 False DomeFlatsLalaP108 100185402 1.58 True 0.64 True 2 2021-11-30T20:28:04 2021-11-30T19:51:58 1 2021-11-30T20:28:04 2021-11-30T20:33:06 2 2021-11-30T19:29:40 2021-11-30T19:30:40 0.0 0.0 0.0 0.0 0.0 0.0 0.08388888888888889
Calib 108 2021-11-30 False True FLAT,SCREEN "" True 305.94847888 True -80.06584 True WFI.2021-11-30T20:30:22.776 False ESO-2.2m WFI 60.A-9120(A) 60.A-9120(A) Service CALIB IMAGE False FLAT,SCREEN False 0.93 BB#RC/162_ESO844 False DomeFlatsLalaP108 100185402 1.58 True 0.64 True 2 2021-11-30T20:28:04 2021-11-30T19:51:58 1 2021-11-30T20:28:04 2021-11-30T20:33:06 3 2021-11-30T19:30:22 2021-11-30T19:31:22 0.0 0.0 0.0 0.0 0.0 0.0 0.0
Calib 108 2021-11-30 False True FLAT,SCREEN "" True 306.12509388 True -80.06613 True WFI.2021-11-30T20:31:04.780 False ESO-2.2m WFI 60.A-9120(A) 60.A-9120(A) Service CALIB IMAGE False FLAT,SCREEN False 0.93 BB#RC/162_ESO844 False DomeFlatsLalaP108 100185402 1.58 True 0.64 True 2 2021-11-30T20:28:04 2021-11-30T19:51:58 1 2021-11-30T20:28:04 2021-11-30T20:33:06 4 2021-11-30T19:31:04 2021-11-30T19:32:04 0.0 0.0 0.0 0.0 0.0 0.0 0.0
Calib 108 2021-11-30 False True FLAT,SCREEN "" True 306.301715 True -80.06641 True WFI.2021-11-30T20:31:46.775 False ESO-2.2m WFI 60.A-9120(A) 60.A-9120(A) Service CALIB IMAGE False FLAT,SCREEN False 0.93 BB#RC/162_ESO844 False DomeFlatsLalaP108 100185402 1.58 True 0.64 True 2 2021-11-30T20:28:04 2021-11-30T19:51:58 1 2021-11-30T20:28:04 2021-11-30T20:33:06 5 2021-11-30T19:31:46 2021-11-30T19:32:46 0.0 0.0 0.0 0.0 0.0 0.0 0.0
Calib 108 2021-11-30 False True FLAT,SCREEN "" True 306.47834 True -80.0667 True WFI.2021-11-30T20:32:28.770 False ESO-2.2m WFI 60.A-9120(A) 60.A-9120(A) Service CALIB IMAGE False FLAT,SCREEN False 0.93 BB#RC/162_ESO844 False DomeFlatsLalaP108 100185402 1.58 True 0.64 True 2 2021-11-30T20:28:04 2021-11-30T19:51:58 1 2021-11-30T20:28:04 2021-11-30T20:33:06 6 2021-11-30T19:32:28 2021-11-30T19:33:28 0.0 0.0 0.0 0.0 0.0 0.0 0.0
Calib 108 2021-11-30 False True FLAT,SCREEN "" True 307.02507111 True -80.06759 True WFI.2021-11-30T20:34:38.744 False ESO-2.2m WFI 60.A-9120(A) 60.A-9120(A) Service CALIB IMAGE False FLAT,SCREEN False 7.183 BB#V/89_ESO843 False DomeFlatsLalaP108 100185402 1.58 True 0.64 True 2 2021-11-30T20:28:04 2021-11-30T19:51:58 2 2021-11-30T20:33:06 2021-11-30T20:38:26 2 2021-11-30T19:34:38 2021-11-30T19:35:45 0.0 0.0 0.0 0.0 0.0 0.0 0.08888888888888889
Calib 108 2021-11-30 False True FLAT,SCREEN "" True 307.21854111 True -80.0679 True WFI.2021-11-30T20:35:24.789 False ESO-2.2m WFI 60.A-9120(A) 60.A-9120(A) Service CALIB IMAGE False FLAT,SCREEN False 7.183 BB#V/89_ESO843 False DomeFlatsLalaP108 100185402 1.58 True 0.64 True 2 2021-11-30T20:28:04 2021-11-30T19:51:58 2 2021-11-30T20:33:06 2021-11-30T20:38:26 3 2021-11-30T19:35:24 2021-11-30T19:36:31 0.0 0.0 0.0 0.0 0.0 0.0 0.0
Calib 108 2021-11-30 False True FLAT,SCREEN "" True 307.42042888 True -80.06823 True WFI.2021-11-30T20:36:11.774 False ESO-2.2m WFI 60.A-9120(A) 60.A-9120(A) Service CALIB IMAGE False FLAT,SCREEN False 7.183 BB#V/89_ESO843 False DomeFlatsLalaP108 100185402 1.58 True 0.64 True 2 2021-11-30T20:28:04 2021-11-30T19:51:58 2 2021-11-30T20:33:06 2021-11-30T20:38:26 4 2021-11-30T19:36:11 2021-11-30T19:37:18 0.0 0.0 0.0 0.0 0.0 0.0 0.0
Calib 108 2021-11-30 False True FLAT,SCREEN "" True 307.61391194 True -80.06854 True WFI.2021-11-30T20:36:57.799 False ESO-2.2m WFI 60.A-9120(A) 60.A-9120(A) Service CALIB IMAGE False FLAT,SCREEN False 7.183 BB#V/89_ESO843 False DomeFlatsLalaP108 100185402 1.58 True 0.64 True 2 2021-11-30T20:28:04 2021-11-30T19:51:58 2 2021-11-30T20:33:06 2021-11-30T20:38:26 5 2021-11-30T19:36:57 2021-11-30T19:38:04 0.0 0.0 0.0 0.0 0.0 0.0 0.0
Calib 108 2021-11-30 False True FLAT,SCREEN "" True 307.8074 True -80.06885 True WFI.2021-11-30T20:37:43.794 False ESO-2.2m WFI 60.A-9120(A) 60.A-9120(A) Service CALIB IMAGE False FLAT,SCREEN False 7.183 BB#V/89_ESO843 False DomeFlatsLalaP108 100185402 1.581 True 0.64 True 2 2021-11-30T20:28:04 2021-11-30T19:51:58 2 2021-11-30T20:33:06 2021-11-30T20:38:26 6 2021-11-30T19:37:43 2021-11-30T19:38:50 0.0 0.0 0.0 0.0 0.0 0.0 0.0
Calib 108 2021-11-30 False True FLAT,SCREEN "" True 308.33742194 True -80.0697 True WFI.2021-11-30T20:39:51.788 False ESO-2.2m WFI 60.A-9120(A) 60.A-9120(A) Service CALIB IMAGE False FLAT,SCREEN False 19.164 BB#B/123_ESO878 False DomeFlatsLalaP108 100185402 1.581 True 0.64 True 2 2021-11-30T20:28:04 2021-11-30T19:51:58 3 2021-11-30T20:38:26 2021-11-30T20:44:37 2 2021-11-30T19:39:51 2021-11-30T19:41:10 0.0 0.0 0.0 0.0 0.0 0.0 0.10305555555555555
Calib 108 2021-11-30 False True FLAT,SCREEN "" True 308.58982805 True -80.0701 True WFI.2021-11-30T20:40:49.765 False ESO-2.2m WFI 60.A-9120(A) 60.A-9120(A) Service CALIB IMAGE False FLAT,SCREEN False 19.164 BB#B/123_ESO878 False DomeFlatsLalaP108 100185402 1.581 True 0.64 True 2 2021-11-30T20:28:04 2021-11-30T19:51:58 3 2021-11-30T20:38:26 2021-11-30T20:44:37 3 2021-11-30T19:40:49 2021-11-30T19:42:08 0.0 0.0 0.0 0.0 0.0 0.0 0.0
Calib 108 2021-11-30 False True FLAT,SCREEN "" True 308.83383111 True -80.07049 True WFI.2021-11-30T20:41:47.761 False ESO-2.2m WFI 60.A-9120(A) 60.A-9120(A) Service CALIB IMAGE False FLAT,SCREEN False 19.164 BB#B/123_ESO878 False DomeFlatsLalaP108 100185402 1.581 True 0.64 True 2 2021-11-30T20:28:04 2021-11-30T19:51:58 3 2021-11-30T20:38:26 2021-11-30T20:44:37 4 2021-11-30T19:41:47 2021-11-30T19:43:06 0.0 0.0 0.0 0.0 0.0 0.0 0.0
Calib 108 2021-11-30 False True FLAT,SCREEN "" True 309.07784388 True -80.07087 True WFI.2021-11-30T20:42:45.777 False ESO-2.2m WFI 60.A-9120(A) 60.A-9120(A) Service CALIB IMAGE False FLAT,SCREEN False 19.164 BB#B/123_ESO878 False DomeFlatsLalaP108 100185402 1.581 True 0.64 True 2 2021-11-30T20:28:04 2021-11-30T19:51:58 3 2021-11-30T20:38:26 2021-11-30T20:44:37 5 2021-11-30T19:42:45 2021-11-30T19:44:04 0.0 0.0 0.0 0.0 0.0 0.0 0.0
Calib 108 2021-11-30 False True FLAT,SCREEN "" True 309.321865 True -80.07125 True WFI.2021-11-30T20:43:43.763 False ESO-2.2m WFI 60.A-9120(A) 60.A-9120(A) Service CALIB IMAGE False FLAT,SCREEN False 19.164 BB#B/123_ESO878 False DomeFlatsLalaP108 100185402 1.581 True 0.64 True 2 2021-11-30T20:28:04 2021-11-30T19:51:58 3 2021-11-30T20:38:26 2021-11-30T20:44:37 6 2021-11-30T19:43:43 2021-11-30T19:45:02 0.0 0.0 0.0 0.0 0.0 0.0 0.0
Calib 108 2021-11-30 False True HIDDEN "" True 310.13814388 True -80.07253 True "" True ESO-2.2m WFI 60.A-9120(A) 60.A-9120(A) Service TECHNICAL "" True "" True 0.0 "" True DomeFlatsLalaP108 100185402 1.581 True 0.64 True 2 2021-11-30T20:28:04 2021-11-30T19:51:58 4 2021-11-30T20:44:37 2021-11-30T20:44:37 1 2021-11-30T20:44:37 2021-11-30T20:44:37 0.0 0.0 0.0 0.0 0.0 0.0 0.0
Calib 108 2021-11-30 False True FLAT,SCREEN "" True 310.13814388 True -80.07253 True WFI.2021-11-30T20:46:58.744 False ESO-2.2m WFI 60.A-9120(A) 60.A-9120(A) Service CALIB IMAGE False FLAT,SCREEN False 16.907 MB#416/29_ESO872 False DomeFlatsLalaP108 100185402 1.581 True 0.64 True 2 2021-11-30T20:28:04 2021-11-30T19:51:58 5 2021-11-30T20:44:37 2021-11-30T19:51:58 2 2021-11-30T19:46:58 2021-11-30T19:48:14 0.0 0.0 0.0 0.0 0.0 0.0 -0.8775
Calib 108 2021-11-30 False True FLAT,SCREEN "" True 310.37379 True -80.07289 True WFI.2021-11-30T20:47:54.781 False ESO-2.2m WFI 60.A-9120(A) 60.A-9120(A) Service CALIB IMAGE False FLAT,SCREEN False 16.907 MB#416/29_ESO872 False DomeFlatsLalaP108 100185402 1.581 True 0.64 True 2 2021-11-30T20:28:04 2021-11-30T19:51:58 5 2021-11-30T20:44:37 2021-11-30T19:51:58 3 2021-11-30T19:47:54 2021-11-30T19:49:10 0.0 0.0 0.0 0.0 0.0 0.0 -0.0
Calib 108 2021-11-30 False True FLAT,SCREEN "" True 310.609445 True -80.07326 True WFI.2021-11-30T20:48:50.807 False ESO-2.2m WFI 60.A-9120(A) 60.A-9120(A) Service CALIB IMAGE False FLAT,SCREEN False 16.907 MB#416/29_ESO872 False DomeFlatsLalaP108 100185402 1.581 True 0.64 True 2 2021-11-30T20:28:04 2021-11-30T19:51:58 5 2021-11-30T20:44:37 2021-11-30T19:51:58 4 2021-11-30T19:48:50 2021-11-30T19:50:06 0.0 0.0 0.0 0.0 0.0 0.0 -0.0
Calib 108 2021-11-30 False True FLAT,SCREEN "" True 310.84510888 True -80.07362 True WFI.2021-11-30T20:49:46.763 False ESO-2.2m WFI 60.A-9120(A) 60.A-9120(A) Service CALIB IMAGE False FLAT,SCREEN False 16.907 MB#416/29_ESO872 False DomeFlatsLalaP108 100185402 1.581 True 0.64 True 2 2021-11-30T20:28:04 2021-11-30T19:51:58 5 2021-11-30T20:44:37 2021-11-30T19:51:58 5 2021-11-30T19:49:46 2021-11-30T19:51:02 0.0 0.0 0.0 0.0 0.0 0.0 -0.0
Calib 108 2021-11-30 False True FLAT,SCREEN "" True 311.08078111 True -80.07398 True WFI.2021-11-30T20:50:42.779 False ESO-2.2m WFI 60.A-9120(A) 60.A-9120(A) Service CALIB IMAGE False FLAT,SCREEN False 16.907 MB#416/29_ESO872 False DomeFlatsLalaP108 100185402 1.581 True 0.64 True 2 2021-11-30T20:28:04 2021-11-30T19:51:58 5 2021-11-30T20:44:37 2021-11-30T19:51:58 6 2021-11-30T19:50:42 2021-11-30T19:51:58 0.0 0.0 0.0 0.0 0.0 0.0 -0.0
Calib 108 2021-11-30 False True FLAT,SKY "" True 2.44315805 True -20.54975 True WFI.2021-11-30T23:35:47.032 False ESO-2.2m WFI 60.A-9120(A) 60.A-9120(A) Service CALIB IMAGE False FLAT,SKY False 1.578 BB#U/50_ESO877 False SkyFlatsEveningLalaP108 100346479 1.023 True 0.64 True 4 2021-11-30T23:32:37 2021-11-30T23:02:01 1 2021-11-30T23:32:37 2021-11-30T23:38:24 2 2021-11-30T22:35:47 2021-11-30T22:36:48 0.0 0.0 0.0 0.0 0.09638888888888889 0.09638888888888889 0.09638888888888889
Calib 108 2021-11-30 False True FLAT,SKY "" True 2.44903 True -20.5442 True WFI.2021-11-30T23:36:41.738 False ESO-2.2m WFI 60.A-9120(A) 60.A-9120(A) Service CALIB IMAGE False FLAT,SKY False 1.955 BB#U/50_ESO877 False SkyFlatsEveningLalaP108 100346479 1.0225 True 0.64 True 4 2021-11-30T23:32:37 2021-11-30T23:02:01 1 2021-11-30T23:32:37 2021-11-30T23:38:24 3 2021-11-30T22:36:41 2021-11-30T22:37:42 0.0 0.0 0.0 0.0 0.0 0.0 0.0
Calib 108 2021-11-30 False True FLAT,SKY "" True 2.45495694 True -20.53864 True WFI.2021-11-30T23:37:37.744 False ESO-2.2m WFI 60.A-9120(A) 60.A-9120(A) Service CALIB IMAGE False FLAT,SKY False 2.434 BB#U/50_ESO877 False SkyFlatsEveningLalaP108 100346479 1.022 True 0.64 True 4 2021-11-30T23:32:37 2021-11-30T23:02:01 1 2021-11-30T23:32:37 2021-11-30T23:38:24 4 2021-11-30T22:37:37 2021-11-30T22:38:39 0.0 0.0 0.0 0.0 0.0 0.0 0.0
Calib 108 2021-11-30 False True FLAT,SKY "" True 2.46665111 True -20.52752 True WFI.2021-11-30T23:41:32.279 False ESO-2.2m WFI 60.A-9120(A) 60.A-9120(A) Service CALIB IMAGE False FLAT,SKY False 2.347 MB#416/29_ESO872 False SkyFlatsEveningLalaP108 100346479 1.02 True 0.64 True 4 2021-11-30T23:32:37 2021-11-30T23:02:01 2 2021-11-30T23:38:24 2021-11-30T23:43:59 2 2021-11-30T22:41:32 2021-11-30T22:42:34 0.0 0.0 0.0 0.0 0.09305555555555556 0.09305555555555556 0.09305555555555556
Calib 108 2021-11-30 False True FLAT,SKY "" True 2.47253805 True -20.52196 True WFI.2021-11-30T23:42:23.855 False ESO-2.2m WFI 60.A-9120(A) 60.A-9120(A) Service CALIB IMAGE False FLAT,SKY False 2.876 MB#416/29_ESO872 False SkyFlatsEveningLalaP108 100346479 1.0195 True 0.64 True 4 2021-11-30T23:32:37 2021-11-30T23:02:01 2 2021-11-30T23:38:24 2021-11-30T23:43:59 3 2021-11-30T22:42:23 2021-11-30T22:43:25 0.0 0.0 0.0 0.0 0.0 0.0 0.0
Calib 108 2021-11-30 False False FLAT,SKY "" True 2.47845888 False -20.51641 False WFI.2021-11-30T23:43:15.741 False ESO-2.2m WFI 60.A-9120(A) 60.A-9120(A) Service CALIB IMAGE False FLAT,SKY False 3.539 MB#416/29_ESO872 False SkyFlatsEveningLalaP108 100346479 1.019 False 0.64 False 4 2021-11-30T23:32:37 2021-11-30T23:02:01 2 2021-11-30T23:38:24 2021-11-30T23:43:59 4 2021-11-30T22:43:15 2021-11-30T22:44:18 0.0 0.0 0.0 0.0 0.0 0.0 0.0
Calib 108 2021-11-30 False False FLAT,SKY "" True 2.49015305 False -20.50529 False WFI.2021-11-30T23:47:07.006 False ESO-2.2m WFI 60.A-9120(A) 60.A-9120(A) Service CALIB IMAGE False FLAT,SKY False 2.514 BB#V/89_ESO843 False SkyFlatsEveningLalaP108 100346479 1.017 False 0.64 False 4 2021-11-30T23:32:37 2021-11-30T23:02:01 3 2021-11-30T23:43:59 2021-11-30T23:49:35 2 2021-11-30T22:47:07 2021-11-30T22:48:09 0.0 0.0 0.0 0.0 0.09333333333333334 0.09333333333333334 0.09333333333333334
Calib 108 2021-11-30 False False FLAT,SKY "" True 2.49603111 False -20.49973 False WFI.2021-11-30T23:47:59.872 False ESO-2.2m WFI 60.A-9120(A) 60.A-9120(A) Service CALIB IMAGE False FLAT,SKY False 3.094 BB#V/89_ESO843 False SkyFlatsEveningLalaP108 100346479 1.017 False 0.64 False 4 2021-11-30T23:32:37 2021-11-30T23:02:01 3 2021-11-30T23:43:59 2021-11-30T23:49:35 3 2021-11-30T22:47:59 2021-11-30T22:49:02 0.0 0.0 0.0 0.0 0.0 0.0 0.0
Calib 108 2021-11-30 False False FLAT,SKY "" True 2.50195888 False -20.49418 False WFI.2021-11-30T23:48:51.757 False ESO-2.2m WFI 60.A-9120(A) 60.A-9120(A) Service CALIB IMAGE False FLAT,SKY False 3.807 BB#V/89_ESO843 False SkyFlatsEveningLalaP108 100346479 1.017 False 0.64 False 4 2021-11-30T23:32:37 2021-11-30T23:02:01 3 2021-11-30T23:43:59 2021-11-30T23:49:35 4 2021-11-30T22:48:51 2021-11-30T22:49:54 0.0 0.0 0.0 0.0 0.0 0.0 0.0
Calib 108 2021-11-30 False False FLAT,SKY "" True 2.513705 False -20.48306 False WFI.2021-11-30T23:51:40.015 False ESO-2.2m WFI 60.A-9120(A) 60.A-9120(A) Service CALIB IMAGE False FLAT,SKY False 3.745 BB#B/123_ESO878 False SkyFlatsEveningLalaP108 100346479 1.016 False 0.64 False 4 2021-11-30T23:32:37 2021-11-30T23:02:01 4 2021-11-30T23:49:35 2021-11-30T23:54:10 2 2021-11-30T22:51:40 2021-11-30T22:52:43 0.0 0.0 0.0 0.0 0.0763888888888889 0.0763888888888889 0.0763888888888889
Calib 108 2021-11-30 False False FLAT,SKY "" True 2.51959305 False -20.47751 False WFI.2021-11-30T23:52:30.751 False ESO-2.2m WFI 60.A-9120(A) 60.A-9120(A) Service CALIB IMAGE False FLAT,SKY False 4.573 BB#B/123_ESO878 False SkyFlatsEveningLalaP108 100346479 1.015 False 0.64 False 4 2021-11-30T23:32:37 2021-11-30T23:02:01 4 2021-11-30T23:49:35 2021-11-30T23:54:10 3 2021-11-30T22:52:30 2021-11-30T22:53:34 0.0 0.0 0.0 0.0 0.0 0.0 0.0
Calib 108 2021-11-30 False False FLAT,SKY "" True 2.52552 False -20.47195 False WFI.2021-11-30T23:53:22.707 False ESO-2.2m WFI 60.A-9120(A) 60.A-9120(A) Service CALIB IMAGE False FLAT,SKY False 5.63 BB#B/123_ESO878 False SkyFlatsEveningLalaP108 100346479 1.015 False 0.64 False 4 2021-11-30T23:32:37 2021-11-30T23:02:01 4 2021-11-30T23:49:35 2021-11-30T23:54:10 4 2021-11-30T22:53:22 2021-11-30T22:54:27 0.0 0.0 0.0 0.0 0.0 0.0 0.0
Calib 108 2021-11-30 False False FLAT,SKY "" True 2.53726305 False -20.46084 False WFI.2021-11-30T23:56:16.025 False ESO-2.2m WFI 60.A-9120(A) 60.A-9120(A) Service CALIB IMAGE False FLAT,SKY False 10.404 BB#RC/162_ESO844 False SkyFlatsEveningLalaP108 100346479 1.014 False 0.64 False 4 2021-11-30T23:32:37 2021-11-30T23:02:01 5 2021-11-30T23:54:10 2021-11-30T23:02:01 2 2021-11-30T22:56:16 2021-11-30T22:57:26 0.0 0.0 0.0 0.0 0.0 0.0 -0.8691666666666666
Calib 108 2021-11-30 False False FLAT,SKY "" True 2.54313111 False -20.45528 False WFI.2021-11-30T23:57:15.712 False ESO-2.2m WFI 60.A-9120(A) 60.A-9120(A) Service CALIB IMAGE False FLAT,SKY False 13.211 BB#RC/162_ESO844 False SkyFlatsEveningLalaP108 100346479 1.014 False 0.64 False 4 2021-11-30T23:32:37 2021-11-30T23:02:01 5 2021-11-30T23:54:10 2021-11-30T23:02:01 3 2021-11-30T22:57:15 2021-11-30T22:58:28 0.0 0.0 0.0 0.0 0.0 0.0 -0.0
Calib 108 2021-11-30 False False FLAT,SKY "" True 2.54906194 False -20.44973 False WFI.2021-11-30T23:58:17.709 False ESO-2.2m WFI 60.A-9120(A) 60.A-9120(A) Service CALIB IMAGE False FLAT,SKY False 17.009 BB#RC/162_ESO844 False SkyFlatsEveningLalaP108 100346479 1.014 False 0.64 False 4 2021-11-30T23:32:37 2021-11-30T23:02:01 5 2021-11-30T23:54:10 2021-11-30T23:02:01 4 2021-11-30T22:58:17 2021-11-30T22:59:34 0.0 0.0 0.0 0.0 0.0 0.0 -0.0
Calib 108 2021-11-30 False False FLAT,SKY "" True 2.55499194 False -20.44418 False WFI.2021-11-30T23:59:23.736 False ESO-2.2m WFI 60.A-9120(A) 60.A-9120(A) Service CALIB IMAGE False FLAT,SKY False 22.311 BB#RC/162_ESO844 False SkyFlatsEveningLalaP108 100346479 1.014 False 0.64 False 4 2021-11-30T23:32:37 2021-11-30T23:02:01 5 2021-11-30T23:54:10 2021-11-30T23:02:01 5 2021-11-30T22:59:23 2021-11-30T23:00:45 0.0 0.0 0.0 0.0 0.0 0.0 -0.0
Calib 108 2021-11-30 False False FLAT,SKY "" True 2.56091694 False -20.43862 False WFI.2021-12-01T00:00:32.704 False ESO-2.2m WFI 60.A-9120(A) 60.A-9120(A) Service CALIB IMAGE False FLAT,SKY False 29.735 BB#RC/162_ESO844 False SkyFlatsEveningLalaP108 100346479 1.013 False 0.64 False 4 2021-11-30T23:32:37 2021-11-30T23:02:01 5 2021-11-30T23:54:10 2021-11-30T23:02:01 6 2021-11-30T23:00:32 2021-11-30T23:02:01 0.0 0.0 0.0 0.0 0.0 0.0 -0.0
External 108 2021-11-30 False False SKY DES2038-4008 False 309.51176888 False -40.13726 False WFI.2021-12-01T00:10:34.910 False ESO-2.2m WFI 0108.A-9005(A) 0106.A-9005(A) "Courbin, Frédéric" ACQUISITION IMAGE False SKY False 29.991 BB#RC/162_ESO844 False DES2038-4008 1746213 1.3805 False 0.64 False 5 2021-12-01T00:08:52 2021-11-30T23:12:03 1 2021-12-01T00:08:52 2021-11-30T23:12:03 1 2021-11-30T23:10:34 2021-11-30T23:12:03 0.0 0.0 0.0 0.0 0.0 0.0 -0.9469444444444445
Calib 108 2021-11-30 False False FOCUS DUMMY False 309.51179805 False -40.13754 False WFI.2021-12-01T00:14:24.415 False ESO-2.2m WFI 60.A-9120(A) 60.A-9120(A) Service CALIB TEL-THROUGH False FOCUS False 9.85 BB#RC/162_ESO844 False focusCurrentFiltre 100119956 1.406 False 1.53 False 6 2021-12-01T00:13:00 2021-11-30T23:20:53 1 2021-12-01T00:13:00 2021-11-30T23:20:53 1 2021-11-30T23:14:24 2021-11-30T23:20:53 0.0 0.0 0.0 0.0 0.0 0.0 -0.8686111111111111
External 108 2021-11-30 False False SKY DES2038-4008 False 309.51176194 False -40.13726 False WFI.2021-12-01T00:20:42.116 False ESO-2.2m WFI 0108.A-9005(A) 0106.A-9005(A) "Courbin, Frédéric" ACQUISITION IMAGE False SKY False 29.991 BB#RC/162_ESO844 False DES2038-4008 1746213 1.4265 False 1.4 False 7 2021-12-01T00:20:10 2021-11-30T23:22:11 1 2021-12-01T00:20:10 2021-11-30T23:22:11 1 2021-11-30T23:20:42 2021-11-30T23:22:11 0.0 0.0 0.0 0.0 0.0 0.0 -0.9663888888888889
Downtime 108 2021-11-30 False True IDLE "" True 0.0 True 0.0 True "" True ESO-2.2m IDLE IDLE/TWILIGHT IDLE/TWILIGHT 0.0 IDLE "" True "" True 0.0 "" False Telescope_Idle 0 0.0 True 0.0 True 59 2021-12-01T00:26:46 2021-12-01T01:00:55 0 2021-12-01T00:26:46 2021-12-01T01:00:55 0 2021-12-01T00:26:46 2021-12-01T01:00:55 0.0 0.0 0.5691666666666667 0.0 0.0 0.5691666666666667 0.5691666666666667
External 108 2021-11-30 False False SKY DES2038-4008 False 309.51175 False -40.13725 False WFI.2021-12-01T00:28:06.265 False ESO-2.2m WFI 0108.A-9005(A) 0106.A-9005(A) "Courbin, Frédéric" ACQUISITION IMAGE False SKY False 29.991 BB#RC/162_ESO844 False DES2038-4008 1746213 1.464 False 1.27 False 8 2021-12-01T00:27:22 2021-11-30T23:57:38 1 2021-12-01T00:27:22 2021-12-01T00:30:17 1 2021-11-30T23:28:06 2021-11-30T23:29:35 0.0 0.0 0.04861111111111111 0.0 0.0 0.04861111111111111 0.04861111111111111
External 108 2021-11-30 False False DES2038-4008 DES2038-4008 False 309.52848388 False -40.14713 False WFI.2021-12-01T00:30:35.952 False ESO-2.2m WFI 0108.A-9005(A) 0106.A-9005(A) "Courbin, Frédéric" SCIENCE IMAGE False OBJECT False 319.917 BB#RC/162_ESO844 False DES2038-4008 1746213 1.49 False 1.255 False 8 2021-12-01T00:27:22 2021-11-30T23:57:38 2 2021-12-01T00:30:17 2021-11-30T23:57:38 1 2021-11-30T23:30:35 2021-11-30T23:36:54 0.0 0.0 0.0 0.0 0.0 0.0 -0.5441666666666667
External 108 2021-11-30 False False DES2038-4008 DES2038-4008 False 309.53268111 False -40.14715 False WFI.2021-12-01T00:37:37.897 False ESO-2.2m WFI 0108.A-9005(A) 0106.A-9005(A) "Courbin, Frédéric" SCIENCE IMAGE False OBJECT False 319.917 BB#RC/162_ESO844 False DES2038-4008 1746213 1.5295 False 1.15 False 8 2021-12-01T00:27:22 2021-11-30T23:57:38 2 2021-12-01T00:30:17 2021-11-30T23:57:38 2 2021-11-30T23:37:37 2021-11-30T23:43:56 0.0 0.0 0.0 0.0 0.0 0.0 -0.0
External 108 2021-11-30 False False DES2038-4008 DES2038-4008 False 309.53058694 False -40.1455 False WFI.2021-12-01T00:44:26.222 False ESO-2.2m WFI 0108.A-9005(A) 0106.A-9005(A) "Courbin, Frédéric" SCIENCE IMAGE False OBJECT False 319.917 BB#RC/162_ESO844 False DES2038-4008 1746213 1.5710001 False 1.06 False 8 2021-12-01T00:27:22 2021-11-30T23:57:38 2 2021-12-01T00:30:17 2021-11-30T23:57:38 3 2021-11-30T23:44:26 2021-11-30T23:50:45 0.0 0.0 0.0 0.0 0.0 0.0 -0.0
External 108 2021-11-30 False False DES2038-4008 DES2038-4008 False 309.53079611 False -40.1489 False WFI.2021-12-01T00:51:19.707 False ESO-2.2m WFI 0108.A-9005(A) 0106.A-9005(A) "Courbin, Frédéric" SCIENCE IMAGE False OBJECT False 319.917 BB#RC/162_ESO844 False DES2038-4008 1746213 1.6159999 False 1.03 False 8 2021-12-01T00:27:22 2021-11-30T23:57:38 2 2021-12-01T00:30:17 2021-11-30T23:57:38 4 2021-11-30T23:51:19 2021-11-30T23:57:38 0.0 0.0 0.0 0.0 0.0 0.0 -0.0
MPIA/DDT 108 2021-11-30 False False SKY NGC104 False 6.02208805 False -72.08086 False WFI.2021-12-01T01:02:30.851 False ESO-2.2m WFI 0108.A-9028(A) 0108.A-9028(A) "Lala, Hitesh" ACQUISITION IMAGE False SKY False 29.991 MB#416/29_ESO872 False Hitesh-NGC104_snapshot 1746213 1.368 False 1.03 False 9 2021-12-01T01:00:25 2021-12-01T00:03:59 1 2021-12-01T01:00:25 2021-12-01T00:03:59 1 2021-12-01T00:02:30 2021-12-01T00:03:59 0.0 0.0 0.0 0.0 0.0 0.0 -0.9405555555555556
Downtime 108 2021-11-30 False True IDLE "" True 0.0 True 0.0 True "" True ESO-2.2m IDLE IDLE/NIGHT IDLE/NIGHT 0.0 IDLE "" True "" True 0.0 "" False Telescope_Idle 0 0.0 True 0.0 True 58 2021-12-01T01:00:55 2021-12-01T01:50:32 0 2021-12-01T01:00:55 2021-12-01T01:50:32 0 2021-12-01T01:00:55 2021-12-01T01:50:32 0.8269444444444445 0.8269444444444445 0.0 0.0 0.0 0.8269444444444445 0.8269444444444445
MPIA/A 108 2021-11-30 False False "TIC 207078179" "TIC 207078179" False 320.820555 False -38.51664 False "" True ESO-2.2m FEROS 0108.A-9003(A) 0108.A-9003(A) "Hobson, Melissa" ACQUISITION "" True "" True 0.0 "" True TIC207078179 1000132320 1.5009999 False 0.965 False 10 2021-12-01T01:04:01 2021-12-01T00:29:22 1 2021-12-01T01:04:01 2021-12-01T01:08:01 1 2021-12-01T01:04:01 2021-12-01T01:08:01 0.06666666666666667 0.06666666666666667 0.0 0.0 0.0 0.06666666666666667 0.06666666666666667
MPIA/A 108 2021-11-30 False False "TIC 207078179" "TIC 207078179" False 320.820555 False -38.51664 False FEROS.2021-12-01T01:08:22.710 False ESO-2.2m FEROS 0108.A-9003(A) 0108.A-9003(A) "Hobson, Melissa" SCIENCE ECHELLE False OBJECT,WAVE False 1200.042 "" False TIC207078179 1000132320 1.5009999 False 0.965 False 10 2021-12-01T01:04:01 2021-12-01T00:29:22 2 2021-12-01T01:08:01 2021-12-01T00:29:22 1 2021-12-01T00:08:22 2021-12-01T00:29:22 0.0 0.0 0.0 0.0 0.0 0.0 -0.6441666666666667
Downtime 108 2021-11-30 False True IDLE "" True 0.0 True 0.0 True "" True ESO-2.2m IDLE IDLE/NIGHT IDLE/NIGHT 0.0 IDLE "" True "" True 0.0 "" False Telescope_Idle 0 0.0 True 0.0 True 57 2021-12-01T01:10:53 2021-12-01T02:09:10 0 2021-12-01T01:10:53 2021-12-01T02:09:10 0 2021-12-01T01:10:53 2021-12-01T02:09:10 0.9713888888888889 0.9713888888888889 0.0 0.0 0.0 0.9713888888888889 0.9713888888888889
MPIA/A 108 2021-11-30 False False "TIC 161169240" "TIC 161169240" False 339.32801305 False -53.3037 False "" True ESO-2.2m FEROS 0108.A-9003(A) 0108.A-9003(A) "Hobson, Melissa" ACQUISITION "" True "" True 0.0 "" True TIC161169240 1000132215 1.3180001 False 0.87 False 11 2021-12-01T01:27:14 2021-12-01T00:52:35 1 2021-12-01T01:27:14 2021-12-01T01:31:14 1 2021-12-01T01:27:14 2021-12-01T01:31:14 0.06666666666666667 0.06666666666666667 0.0 0.0 0.0 0.06666666666666667 0.06666666666666667
MPIA/A 108 2021-11-30 False False "TIC 161169240" "TIC 161169240" False 339.32801305 False -53.3037 False FEROS.2021-12-01T01:31:35.107 False ESO-2.2m FEROS 0108.A-9003(A) 0108.A-9003(A) "Hobson, Melissa" SCIENCE ECHELLE False OBJECT,WAVE False 1200.042 "" False TIC161169240 1000132215 1.3180001 False 0.87 False 11 2021-12-01T01:27:14 2021-12-01T00:52:35 2 2021-12-01T01:31:14 2021-12-01T00:52:35 1 2021-12-01T00:31:35 2021-12-01T00:52:35 0.0 0.0 0.0 0.0 0.0 0.0 -0.6441666666666667
Downtime 108 2021-11-30 False True IDLE "" True 0.0 True 0.0 True "" True ESO-2.2m IDLE IDLE/NIGHT IDLE/NIGHT 0.0 IDLE "" True "" True 0.0 "" False Telescope_Idle 0 0.0 True 0.0 True 56 2021-12-01T01:39:31 2021-12-01T02:39:24 0 2021-12-01T01:39:31 2021-12-01T02:39:24 0 2021-12-01T01:39:31 2021-12-01T02:39:24 0.9980555555555556 0.9980555555555556 0.0 0.0 0.0 0.9980555555555556 0.9980555555555556
MPIA/A 108 2021-11-30 False False TIC139147770 TIC139147770 False 344.42016111 False -42.923 False "" True ESO-2.2m FEROS 0108.A-9003(A) 0108.A-9003(A) "Hobson, Melissa" ACQUISITION "" True "" True 0.0 "" True TIC139147770 1000132220 1.2795 False 0.865 False 12 2021-12-01T01:50:32 2021-12-01T01:10:53 1 2021-12-01T01:50:32 2021-12-01T01:54:32 1 2021-12-01T01:50:32 2021-12-01T01:54:32 0.06666666666666667 0.06666666666666667 0.0 0.0 0.0 0.06666666666666667 0.06666666666666667
MPIA/A 108 2021-11-30 False False TIC139147770 TIC139147770 False 344.42016111 False -42.923 False FEROS.2021-12-01T01:54:53.255 False ESO-2.2m FEROS 0108.A-9003(A) 0108.A-9003(A) "Hobson, Melissa" SCIENCE ECHELLE False OBJECT,WAVE False 900.042 "" False TIC139147770 1000132220 1.2795 False 0.865 False 12 2021-12-01T01:50:32 2021-12-01T01:10:53 2 2021-12-01T01:54:32 2021-12-01T01:10:53 1 2021-12-01T00:54:53 2021-12-01T01:10:53 0.0 0.0 0.0 0.0 0.0 0.0 -0.7275
MPIA/A 108 2021-11-30 False False "TIC 279070369" "TIC 279070369" False 49.87107 False -1.22442 False "" True ESO-2.2m FEROS 0108.A-9003(A) 0108.A-9003(A) "Hobson, Melissa" ACQUISITION "" True "" True 0.0 "" True TIC279070369 1000132260 1.1700001 False 0.88 False 13 2021-12-01T02:09:10 2021-12-01T01:39:31 1 2021-12-01T02:09:10 2021-12-01T02:13:10 1 2021-12-01T02:09:10 2021-12-01T02:13:10 0.06666666666666667 0.06666666666666667 0.0 0.0 0.0 0.06666666666666667 0.06666666666666667
MPIA/A 108 2021-11-30 False False "TIC 279070369" "TIC 279070369" False 49.87107 False -1.22442 False FEROS.2021-12-01T02:13:31.575 False ESO-2.2m FEROS 0108.A-9003(A) 0108.A-9003(A) "Hobson, Melissa" SCIENCE ECHELLE False OBJECT,WAVE False 1500.042 "" False TIC279070369 1000132260 1.1700001 False 0.88 False 13 2021-12-01T02:09:10 2021-12-01T01:39:31 2 2021-12-01T02:13:10 2021-12-01T01:39:31 1 2021-12-01T01:13:31 2021-12-01T01:39:31 0.0 0.0 0.0 0.0 0.0 0.0 -0.5608333333333333
Downtime 108 2021-11-30 False True IDLE "" True 0.0 True 0.0 True "" True ESO-2.2m IDLE IDLE/NIGHT IDLE/NIGHT 0.0 IDLE "" True "" True 0.0 "" False Telescope_Idle 0 0.0 True 0.0 True 55 2021-12-01T02:10:49 2021-12-01T03:10:39 0 2021-12-01T02:10:49 2021-12-01T03:10:39 0 2021-12-01T02:10:49 2021-12-01T03:10:39 0.9972222222222222 0.9972222222222222 0.0 0.0 0.0 0.9972222222222222 0.9972222222222222
External 108 2021-11-30 False False SKY PSJ0030-1525 False 7.56394111 False -15.41749 False WFI.2021-12-01T02:41:19.982 False ESO-2.2m WFI 0108.A-9005(A) 0106.A-9005(A) "Courbin, Frédéric" ACQUISITION IMAGE False SKY False 29.917 BB#RC/162_ESO844 False PSJ0030-1525 1746213 1.186 False 0.88 False 14 2021-12-01T02:39:24 2021-12-01T02:10:49 1 2021-12-01T02:39:24 2021-12-01T02:43:40 1 2021-12-01T01:41:19 2021-12-01T01:42:48 0.07111111111111111 0.07111111111111111 0.0 0.0 0.0 0.07111111111111111 0.07111111111111111
External 108 2021-11-30 False False PSJ0030-1525 PSJ0030-1525 False 7.58270305 False -15.42814 False WFI.2021-12-01T02:44:15.621 False ESO-2.2m WFI 0108.A-9005(A) 0106.A-9005(A) "Courbin, Frédéric" SCIENCE IMAGE False OBJECT False 319.917 BB#RC/162_ESO844 False PSJ0030-1525 1746213 1.2005 False 0.88 False 14 2021-12-01T02:39:24 2021-12-01T02:10:49 2 2021-12-01T02:43:40 2021-12-01T02:10:49 1 2021-12-01T01:44:15 2021-12-01T01:50:34 0.0 0.0 0.0 0.0 0.0 0.0 -0.5475
External 108 2021-11-30 False False PSJ0030-1525 PSJ0030-1525 False 7.58611194 False -15.42835 False WFI.2021-12-01T02:51:01.156 False ESO-2.2m WFI 0108.A-9005(A) 0106.A-9005(A) "Courbin, Frédéric" SCIENCE IMAGE False OBJECT False 319.917 BB#RC/162_ESO844 False PSJ0030-1525 1746213 1.221 False 1.2 False 14 2021-12-01T02:39:24 2021-12-01T02:10:49 2 2021-12-01T02:43:40 2021-12-01T02:10:49 2 2021-12-01T01:51:01 2021-12-01T01:57:20 0.0 0.0 0.0 0.0 0.0 0.0 -0.0
External 108 2021-11-30 False False PSJ0030-1525 PSJ0030-1525 False 7.58415694 False -15.42679 False WFI.2021-12-01T02:57:48.650 False ESO-2.2m WFI 0108.A-9005(A) 0106.A-9005(A) "Courbin, Frédéric" SCIENCE IMAGE False OBJECT False 319.917 BB#RC/162_ESO844 False PSJ0030-1525 1746213 1.2435 False 1.385 False 14 2021-12-01T02:39:24 2021-12-01T02:10:49 2 2021-12-01T02:43:40 2021-12-01T02:10:49 3 2021-12-01T01:57:48 2021-12-01T02:04:07 0.0 0.0 0.0 0.0 0.0 0.0 -0.0
External 108 2021-11-30 False False PSJ0030-1525 PSJ0030-1525 False 7.58409194 False -15.43021 False WFI.2021-12-01T03:04:30.095 False ESO-2.2m WFI 0108.A-9005(A) 0106.A-9005(A) "Courbin, Frédéric" SCIENCE IMAGE False OBJECT False 319.917 BB#RC/162_ESO844 False PSJ0030-1525 1746213 1.2665 False 1.25 False 14 2021-12-01T02:39:24 2021-12-01T02:10:49 2 2021-12-01T02:43:40 2021-12-01T02:10:49 4 2021-12-01T02:04:30 2021-12-01T02:10:49 0.0 0.0 0.0 0.0 0.0 0.0 -0.0
Downtime 108 2021-11-30 False True IDLE "" True 0.0 True 0.0 True "" True ESO-2.2m IDLE IDLE/NIGHT IDLE/NIGHT 0.0 IDLE "" True "" True 0.0 "" False Telescope_Idle 0 0.0 True 0.0 True 54 2021-12-01T02:40:43 2021-12-01T03:39:27 0 2021-12-01T02:40:43 2021-12-01T03:39:27 0 2021-12-01T02:40:43 2021-12-01T03:39:27 0.9788888888888889 0.9788888888888889 0.0 0.0 0.0 0.9788888888888889 0.9788888888888889
Downtime 108 2021-11-30 False True IDLE "" True 0.0 True 0.0 True "" True ESO-2.2m IDLE IDLE/NIGHT IDLE/NIGHT 0.0 IDLE "" True "" True 0.0 "" False Telescope_Idle 0 0.0 True 0.0 True 53 2021-12-01T02:55:45 2021-12-01T03:53:41 0 2021-12-01T02:55:45 2021-12-01T03:53:41 0 2021-12-01T02:55:45 2021-12-01T03:53:41 0.9655555555555555 0.9655555555555555 0.0 0.0 0.0 0.9655555555555555 0.9655555555555555
Downtime 108 2021-11-30 False True IDLE "" True 0.0 True 0.0 True "" True ESO-2.2m IDLE IDLE/NIGHT IDLE/NIGHT 0.0 IDLE "" True "" True 0.0 "" False Telescope_Idle 0 0.0 True 0.0 True 52 2021-12-01T03:10:31 2021-12-01T04:12:31 0 2021-12-01T03:10:31 2021-12-01T04:12:31 0 2021-12-01T03:10:31 2021-12-01T04:12:31 1.0333333333333334 1.0333333333333334 0.0 0.0 0.0 1.0333333333333334 1.0333333333333334
External 108 2021-11-30 False False SKY DESJ0053-2012 False 13.43525111 False -20.20887 False WFI.2021-12-01T03:11:20.280 False ESO-2.2m WFI 0108.A-9005(A) 0106.A-9005(A) "Courbin, Frédéric" ACQUISITION IMAGE False SKY False 29.991 BB#RC/162_ESO844 False DESJ0053-2012 1746213 1.176 False 1.22 False 15 2021-12-01T03:10:39 2021-12-01T02:40:43 1 2021-12-01T03:10:39 2021-12-01T03:13:40 1 2021-12-01T02:11:20 2021-12-01T02:12:49 0.050277777777777775 0.050277777777777775 0.0 0.0 0.0 0.050277777777777775 0.050277777777777775
External 108 2021-11-30 False False DESJ0053-2012 DESJ0053-2012 False 13.45405694 False -20.22025 False WFI.2021-12-01T03:13:59.288 False ESO-2.2m WFI 0108.A-9005(A) 0106.A-9005(A) "Courbin, Frédéric" SCIENCE IMAGE False OBJECT False 319.917 BB#RC/162_ESO844 False DESJ0053-2012 1746213 1.19 False 1.19 False 15 2021-12-01T03:10:39 2021-12-01T02:40:43 2 2021-12-01T03:13:40 2021-12-01T02:40:43 1 2021-12-01T02:13:59 2021-12-01T02:20:18 0.0 0.0 0.0 0.0 0.0 0.0 -0.5491666666666667
External 108 2021-11-30 False False DESJ0053-2012 DESJ0053-2012 False 13.4573 False -20.22018 False WFI.2021-12-01T03:20:57.754 False ESO-2.2m WFI 0108.A-9005(A) 0106.A-9005(A) "Courbin, Frédéric" SCIENCE IMAGE False OBJECT False 319.917 BB#RC/162_ESO844 False DESJ0053-2012 1746213 1.2105 False 1.085 False 15 2021-12-01T03:10:39 2021-12-01T02:40:43 2 2021-12-01T03:13:40 2021-12-01T02:40:43 2 2021-12-01T02:20:57 2021-12-01T02:27:16 0.0 0.0 0.0 0.0 0.0 0.0 -0.0
External 108 2021-11-30 False False DESJ0053-2012 DESJ0053-2012 False 13.45547305 False -20.21851 False WFI.2021-12-01T03:27:44.169 False ESO-2.2m WFI 0108.A-9005(A) 0106.A-9005(A) "Courbin, Frédéric" SCIENCE IMAGE False OBJECT False 319.917 BB#RC/162_ESO844 False DESJ0053-2012 1746213 1.2325001 False 0.95000005 False 15 2021-12-01T03:10:39 2021-12-01T02:40:43 2 2021-12-01T03:13:40 2021-12-01T02:40:43 3 2021-12-01T02:27:44 2021-12-01T02:34:03 0.0 0.0 0.0 0.0 0.0 0.0 -0.0
External 108 2021-11-30 False False DESJ0053-2012 DESJ0053-2012 False 13.45571 False -20.22192 False WFI.2021-12-01T03:34:24.052 False ESO-2.2m WFI 0108.A-9005(A) 0106.A-9005(A) "Courbin, Frédéric" SCIENCE IMAGE False OBJECT False 319.917 BB#RC/162_ESO844 False DESJ0053-2012 1746213 1.256 False 0.92 False 15 2021-12-01T03:10:39 2021-12-01T02:40:43 2 2021-12-01T03:13:40 2021-12-01T02:40:43 4 2021-12-01T02:34:24 2021-12-01T02:40:43 0.0 0.0 0.0 0.0 0.0 0.0 -0.0
Downtime 108 2021-11-30 False True IDLE "" True 0.0 True 0.0 True "" True ESO-2.2m IDLE IDLE/NIGHT IDLE/NIGHT 0.0 IDLE "" True "" True 0.0 "" False Telescope_Idle 0 0.0 True 0.0 True 51 2021-12-01T03:21:55 2021-12-01T04:18:27 0 2021-12-01T03:21:55 2021-12-01T04:18:27 0 2021-12-01T03:21:55 2021-12-01T04:18:27 0.9422222222222222 0.9422222222222222 0.0 0.0 0.0 0.9422222222222222 0.9422222222222222
Downtime 108 2021-11-30 False True IDLE "" True 0.0 True 0.0 True "" True ESO-2.2m IDLE IDLE/NIGHT IDLE/NIGHT 0.0 IDLE "" True "" True 0.0 "" False Telescope_Idle 0 0.0 True 0.0 True 50 2021-12-01T03:27:55 2021-12-01T04:29:25 0 2021-12-01T03:27:55 2021-12-01T04:29:25 0 2021-12-01T03:27:55 2021-12-01T04:29:25 1.025 1.025 0.0 0.0 0.0 1.025 1.025
ToO 108 2021-11-30 False False ERASST_J034518-321910 ERASST_J034518-321910 False 56.32502111 False -32.31908 False "" True ESO-2.2m GROND 0108.A-9099(A) 0108.A-9099(A) "Rau, Arne" ACQUISITION "" True "" True 0.0 "" True eRASSt_J034518-321910_2021-11-30 -1 1.001 False 0.91 False 16 2021-12-01T03:39:27 2021-12-01T02:55:45 1 2021-12-01T03:39:27 2021-12-01T03:43:27 1 2021-12-01T03:39:27 2021-12-01T03:43:27 0.06666666666666667 0.06666666666666667 0.0 0.0 0.0 0.06666666666666667 0.06666666666666667
ToO 108 2021-11-30 False False ERASST_J034518-321910 ERASST_J034518-321910 False 56.32502111 False -32.31908 False GROND.2021-12-01T03:43:42.547 False ESO-2.2m GROND 0108.A-9099(A) 0108.A-9099(A) "Rau, Arne" SCIENCE IMAGE False OBJECT False 114.972 G,R,I,Z False eRASSt_J034518-321910_2021-11-30 -1 1.001 False 0.91 False 16 2021-12-01T03:39:27 2021-12-01T02:55:45 2 2021-12-01T03:43:27 2021-12-01T02:55:45 1 2021-12-01T02:43:42 2021-12-01T02:46:36 0.0 0.0 0.0 0.0 0.0 0.0 -0.795
ToO 108 2021-11-30 False False ERASST_J034518-321910 ERASST_J034518-321910 False 56.32508694 False -32.31907 False GROND.2021-12-01T03:43:45.986 False ESO-2.2m GROND 0108.A-9099(A) 0108.A-9099(A) "Rau, Arne" SCIENCE IMAGE False OBJECT False 10.0 J,H,K False eRASSt_J034518-321910_2021-11-30 -1 1.002 False 0.91 False 16 2021-12-01T03:39:27 2021-12-01T02:55:45 2 2021-12-01T03:43:27 2021-12-01T02:55:45 2 2021-12-01T02:43:45 2021-12-01T02:44:05 0.0 0.0 0.0 0.0 0.0 0.0 -0.0
ToO 108 2021-11-30 False False ERASST_J034518-321910 ERASST_J034518-321910 False 56.32507 False -32.31907 False GROND.2021-12-01T03:44:12.272 False ESO-2.2m GROND 0108.A-9099(A) 0108.A-9099(A) "Rau, Arne" SCIENCE IMAGE False OBJECT False 10.0 J,H,K False eRASSt_J034518-321910_2021-11-30 -1 1.002 False 0.91 False 16 2021-12-01T03:39:27 2021-12-01T02:55:45 2 2021-12-01T03:43:27 2021-12-01T02:55:45 3 2021-12-01T02:44:12 2021-12-01T02:44:32 0.0 0.0 0.0 0.0 0.0 0.0 -0.0
ToO 108 2021-11-30 False False ERASST_J034518-321910 ERASST_J034518-321910 False 56.32505805 False -32.31907 False GROND.2021-12-01T03:44:38.645 False ESO-2.2m GROND 0108.A-9099(A) 0108.A-9099(A) "Rau, Arne" SCIENCE IMAGE False OBJECT False 10.0 J,H,K False eRASSt_J034518-321910_2021-11-30 -1 1.002 False 0.91 False 16 2021-12-01T03:39:27 2021-12-01T02:55:45 2 2021-12-01T03:43:27 2021-12-01T02:55:45 4 2021-12-01T02:44:38 2021-12-01T02:44:58 0.0 0.0 0.0 0.0 0.0 0.0 -0.0
ToO 108 2021-11-30 False False ERASST_J034518-321910 ERASST_J034518-321910 False 56.32504611 False -32.31908 False GROND.2021-12-01T03:45:04.917 False ESO-2.2m GROND 0108.A-9099(A) 0108.A-9099(A) "Rau, Arne" SCIENCE IMAGE False OBJECT False 10.0 J,H,K False eRASSt_J034518-321910_2021-11-30 -1 1.0015 False 0.91 False 16 2021-12-01T03:39:27 2021-12-01T02:55:45 2 2021-12-01T03:43:27 2021-12-01T02:55:45 5 2021-12-01T02:45:04 2021-12-01T02:45:24 0.0 0.0 0.0 0.0 0.0 0.0 -0.0
ToO 108 2021-11-30 False False ERASST_J034518-321910 ERASST_J034518-321910 False 56.325035 False -32.31908 False GROND.2021-12-01T03:45:31.236 False ESO-2.2m GROND 0108.A-9099(A) 0108.A-9099(A) "Rau, Arne" SCIENCE IMAGE False OBJECT False 10.0 J,H,K False eRASSt_J034518-321910_2021-11-30 -1 1.001 False 0.91 False 16 2021-12-01T03:39:27 2021-12-01T02:55:45 2 2021-12-01T03:43:27 2021-12-01T02:55:45 6 2021-12-01T02:45:31 2021-12-01T02:45:51 0.0 0.0 0.0 0.0 0.0 0.0 -0.0
ToO 108 2021-11-30 False False ERASST_J034518-321910 ERASST_J034518-321910 False 56.32502111 False -32.31908 False GROND.2021-12-01T03:45:57.630 False ESO-2.2m GROND 0108.A-9099(A) 0108.A-9099(A) "Rau, Arne" SCIENCE IMAGE False OBJECT False 10.0 J,H,K False eRASSt_J034518-321910_2021-11-30 -1 1.001 False 0.91 False 16 2021-12-01T03:39:27 2021-12-01T02:55:45 2 2021-12-01T03:43:27 2021-12-01T02:55:45 7 2021-12-01T02:45:57 2021-12-01T02:46:17 0.0 0.0 0.0 0.0 0.0 0.0 -0.0
ToO 108 2021-11-30 False False ERASST_J034518-321910 ERASST_J034518-321910 False 56.3257 False -32.31345 False GROND.2021-12-01T03:46:43.791 False ESO-2.2m GROND 0108.A-9099(A) 0108.A-9099(A) "Rau, Arne" SCIENCE IMAGE False OBJECT False 115.005 G,R,I,Z False eRASSt_J034518-321910_2021-11-30 -1 1.001 False 0.91 False 16 2021-12-01T03:39:27 2021-12-01T02:55:45 2 2021-12-01T03:43:27 2021-12-01T02:55:45 8 2021-12-01T02:46:43 2021-12-01T02:49:38 0.0 0.0 0.0 0.0 0.0 0.0 -0.0
ToO 108 2021-11-30 False False ERASST_J034518-321910 ERASST_J034518-321910 False 56.325765 False -32.31344 False GROND.2021-12-01T03:46:42.754 False ESO-2.2m GROND 0108.A-9099(A) 0108.A-9099(A) "Rau, Arne" SCIENCE IMAGE False OBJECT False 10.0 J,H,K False eRASSt_J034518-321910_2021-11-30 -1 1.001 False 0.91 False 16 2021-12-01T03:39:27 2021-12-01T02:55:45 2 2021-12-01T03:43:27 2021-12-01T02:55:45 9 2021-12-01T02:46:42 2021-12-01T02:47:02 0.0 0.0 0.0 0.0 0.0 0.0 -0.0
ToO 108 2021-11-30 False False ERASST_J034518-321910 ERASST_J034518-321910 False 56.32575305 False -32.31344 False GROND.2021-12-01T03:47:09.201 False ESO-2.2m GROND 0108.A-9099(A) 0108.A-9099(A) "Rau, Arne" SCIENCE IMAGE False OBJECT False 10.0 J,H,K False eRASSt_J034518-321910_2021-11-30 -1 1.001 False 0.91 False 16 2021-12-01T03:39:27 2021-12-01T02:55:45 2 2021-12-01T03:43:27 2021-12-01T02:55:45 10 2021-12-01T02:47:09 2021-12-01T02:47:29 0.0 0.0 0.0 0.0 0.0 0.0 -0.0
ToO 108 2021-11-30 False False ERASST_J034518-321910 ERASST_J034518-321910 False 56.32574111 False -32.31344 False GROND.2021-12-01T03:47:35.583 False ESO-2.2m GROND 0108.A-9099(A) 0108.A-9099(A) "Rau, Arne" SCIENCE IMAGE False OBJECT False 10.0 J,H,K False eRASSt_J034518-321910_2021-11-30 -1 1.001 False 0.91 False 16 2021-12-01T03:39:27 2021-12-01T02:55:45 2 2021-12-01T03:43:27 2021-12-01T02:55:45 11 2021-12-01T02:47:35 2021-12-01T02:47:55 0.0 0.0 0.0 0.0 0.0 0.0 -0.0
ToO 108 2021-11-30 False False ERASST_J034518-321910 ERASST_J034518-321910 False 56.32572805 False -32.31345 False GROND.2021-12-01T03:48:02.045 False ESO-2.2m GROND 0108.A-9099(A) 0108.A-9099(A) "Rau, Arne" SCIENCE IMAGE False OBJECT False 10.0 J,H,K False eRASSt_J034518-321910_2021-11-30 -1 1.001 False 0.91 False 16 2021-12-01T03:39:27 2021-12-01T02:55:45 2 2021-12-01T03:43:27 2021-12-01T02:55:45 12 2021-12-01T02:48:02 2021-12-01T02:48:22 0.0 0.0 0.0 0.0 0.0 0.0 -0.0
ToO 108 2021-11-30 False False ERASST_J034518-321910 ERASST_J034518-321910 False 56.325715 False -32.31345 False GROND.2021-12-01T03:48:28.317 False ESO-2.2m GROND 0108.A-9099(A) 0108.A-9099(A) "Rau, Arne" SCIENCE IMAGE False OBJECT False 10.0 J,H,K False eRASSt_J034518-321910_2021-11-30 -1 1.001 False 0.91 False 16 2021-12-01T03:39:27 2021-12-01T02:55:45 2 2021-12-01T03:43:27 2021-12-01T02:55:45 13 2021-12-01T02:48:28 2021-12-01T02:48:48 0.0 0.0 0.0 0.0 0.0 0.0 -0.0
ToO 108 2021-11-30 False False ERASST_J034518-321910 ERASST_J034518-321910 False 56.3257 False -32.31345 False GROND.2021-12-01T03:48:54.657 False ESO-2.2m GROND 0108.A-9099(A) 0108.A-9099(A) "Rau, Arne" SCIENCE IMAGE False OBJECT False 10.0 J,H,K False eRASSt_J034518-321910_2021-11-30 -1 1.001 False 0.91 False 16 2021-12-01T03:39:27 2021-12-01T02:55:45 2 2021-12-01T03:43:27 2021-12-01T02:55:45 14 2021-12-01T02:48:54 2021-12-01T02:49:14 0.0 0.0 0.0 0.0 0.0 0.0 -0.0
ToO 108 2021-11-30 False False ERASST_J034518-321910 ERASST_J034518-321910 False 56.33016 False -32.32241 False GROND.2021-12-01T03:49:46.664 False ESO-2.2m GROND 0108.A-9099(A) 0108.A-9099(A) "Rau, Arne" SCIENCE IMAGE False OBJECT False 114.949 G,R,I,Z False eRASSt_J034518-321910_2021-11-30 -1 1.002 False 0.83 False 16 2021-12-01T03:39:27 2021-12-01T02:55:45 2 2021-12-01T03:43:27 2021-12-01T02:55:45 15 2021-12-01T02:49:46 2021-12-01T02:52:40 0.0 0.0 0.0 0.0 0.0 0.0 -0.0
ToO 108 2021-11-30 False False ERASST_J034518-321910 ERASST_J034518-321910 False 56.33022805 False -32.3224 False GROND.2021-12-01T03:49:45.485 False ESO-2.2m GROND 0108.A-9099(A) 0108.A-9099(A) "Rau, Arne" SCIENCE IMAGE False OBJECT False 10.0 J,H,K False eRASSt_J034518-321910_2021-11-30 -1 1.001 False 0.91 False 16 2021-12-01T03:39:27 2021-12-01T02:55:45 2 2021-12-01T03:43:27 2021-12-01T02:55:45 16 2021-12-01T02:49:45 2021-12-01T02:50:05 0.0 0.0 0.0 0.0 0.0 0.0 -0.0
ToO 108 2021-11-30 False False ERASST_J034518-321910 ERASST_J034518-321910 False 56.33021305 False -32.3224 False GROND.2021-12-01T03:50:11.770 False ESO-2.2m GROND 0108.A-9099(A) 0108.A-9099(A) "Rau, Arne" SCIENCE IMAGE False OBJECT False 10.0 J,H,K False eRASSt_J034518-321910_2021-11-30 -1 1.001 False 0.91 False 16 2021-12-01T03:39:27 2021-12-01T02:55:45 2 2021-12-01T03:43:27 2021-12-01T02:55:45 17 2021-12-01T02:50:11 2021-12-01T02:50:31 0.0 0.0 0.0 0.0 0.0 0.0 -0.0
ToO 108 2021-11-30 False False ERASST_J034518-321910 ERASST_J034518-321910 False 56.33019805 False -32.3224 False GROND.2021-12-01T03:50:38.195 False ESO-2.2m GROND 0108.A-9099(A) 0108.A-9099(A) "Rau, Arne" SCIENCE IMAGE False OBJECT False 10.0 J,H,K False eRASSt_J034518-321910_2021-11-30 -1 1.001 False 0.91 False 16 2021-12-01T03:39:27 2021-12-01T02:55:45 2 2021-12-01T03:43:27 2021-12-01T02:55:45 18 2021-12-01T02:50:38 2021-12-01T02:50:58 0.0 0.0 0.0 0.0 0.0 0.0 -0.0
ToO 108 2021-11-30 False False ERASST_J034518-321910 ERASST_J034518-321910 False 56.330185 False -32.32241 False GROND.2021-12-01T03:51:04.467 False ESO-2.2m GROND 0108.A-9099(A) 0108.A-9099(A) "Rau, Arne" SCIENCE IMAGE False OBJECT False 10.0 J,H,K False eRASSt_J034518-321910_2021-11-30 -1 1.0015 False 0.87 False 16 2021-12-01T03:39:27 2021-12-01T02:55:45 2 2021-12-01T03:43:27 2021-12-01T02:55:45 19 2021-12-01T02:51:04 2021-12-01T02:51:24 0.0 0.0 0.0 0.0 0.0 0.0 -0.0
ToO 108 2021-11-30 False False ERASST_J034518-321910 ERASST_J034518-321910 False 56.33017694 False -32.32241 False GROND.2021-12-01T03:51:30.757 False ESO-2.2m GROND 0108.A-9099(A) 0108.A-9099(A) "Rau, Arne" SCIENCE IMAGE False OBJECT False 10.0 J,H,K False eRASSt_J034518-321910_2021-11-30 -1 1.002 False 0.83 False 16 2021-12-01T03:39:27 2021-12-01T02:55:45 2 2021-12-01T03:43:27 2021-12-01T02:55:45 20 2021-12-01T02:51:30 2021-12-01T02:51:50 0.0 0.0 0.0 0.0 0.0 0.0 -0.0
ToO 108 2021-11-30 False False ERASST_J034518-321910 ERASST_J034518-321910 False 56.33016 False -32.32241 False GROND.2021-12-01T03:51:57.207 False ESO-2.2m GROND 0108.A-9099(A) 0108.A-9099(A) "Rau, Arne" SCIENCE IMAGE False OBJECT False 10.0 J,H,K False eRASSt_J034518-321910_2021-11-30 -1 1.002 False 0.83 False 16 2021-12-01T03:39:27 2021-12-01T02:55:45 2 2021-12-01T03:43:27 2021-12-01T02:55:45 21 2021-12-01T02:51:57 2021-12-01T02:52:17 0.0 0.0 0.0 0.0 0.0 0.0 -0.0
ToO 108 2021-11-30 False False ERASST_J034518-321910 ERASST_J034518-321910 False 56.31885805 False -32.32115 False GROND.2021-12-01T03:52:50.653 False ESO-2.2m GROND 0108.A-9099(A) 0108.A-9099(A) "Rau, Arne" SCIENCE IMAGE False OBJECT False 115.051 G,R,I,Z False eRASSt_J034518-321910_2021-11-30 -1 1.002 False 0.83 False 16 2021-12-01T03:39:27 2021-12-01T02:55:45 2 2021-12-01T03:43:27 2021-12-01T02:55:45 22 2021-12-01T02:52:50 2021-12-01T02:55:45 0.0 0.0 0.0 0.0 0.0 0.0 -0.0
ToO 108 2021-11-30 False False ERASST_J034518-321910 ERASST_J034518-321910 False 56.31891888 False -32.32115 False GROND.2021-12-01T03:52:49.587 False ESO-2.2m GROND 0108.A-9099(A) 0108.A-9099(A) "Rau, Arne" SCIENCE IMAGE False OBJECT False 10.0 J,H,K False eRASSt_J034518-321910_2021-11-30 -1 1.002 False 0.83 False 16 2021-12-01T03:39:27 2021-12-01T02:55:45 2 2021-12-01T03:43:27 2021-12-01T02:55:45 23 2021-12-01T02:52:49 2021-12-01T02:53:09 0.0 0.0 0.0 0.0 0.0 0.0 -0.0
ToO 108 2021-11-30 False False ERASST_J034518-321910 ERASST_J034518-321910 False 56.318905 False -32.32115 False GROND.2021-12-01T03:53:15.949 False ESO-2.2m GROND 0108.A-9099(A) 0108.A-9099(A) "Rau, Arne" SCIENCE IMAGE False OBJECT False 10.0 J,H,K False eRASSt_J034518-321910_2021-11-30 -1 1.002 False 0.83 False 16 2021-12-01T03:39:27 2021-12-01T02:55:45 2 2021-12-01T03:43:27 2021-12-01T02:55:45 24 2021-12-01T02:53:15 2021-12-01T02:53:35 0.0 0.0 0.0 0.0 0.0 0.0 -0.0
ToO 108 2021-11-30 False False ERASST_J034518-321910 ERASST_J034518-321910 False 56.31889111 False -32.32115 False GROND.2021-12-01T03:53:42.337 False ESO-2.2m GROND 0108.A-9099(A) 0108.A-9099(A) "Rau, Arne" SCIENCE IMAGE False OBJECT False 10.0 J,H,K False eRASSt_J034518-321910_2021-11-30 -1 1.002 False 0.83 False 16 2021-12-01T03:39:27 2021-12-01T02:55:45 2 2021-12-01T03:43:27 2021-12-01T02:55:45 25 2021-12-01T02:53:42 2021-12-01T02:54:02 0.0 0.0 0.0 0.0 0.0 0.0 -0.0
ToO 108 2021-11-30 False False ERASST_J034518-321910 ERASST_J034518-321910 False 56.31888194 False -32.32115 False GROND.2021-12-01T03:54:08.648 False ESO-2.2m GROND 0108.A-9099(A) 0108.A-9099(A) "Rau, Arne" SCIENCE IMAGE False OBJECT False 10.0 J,H,K False eRASSt_J034518-321910_2021-11-30 -1 1.002 False 0.83 False 16 2021-12-01T03:39:27 2021-12-01T02:55:45 2 2021-12-01T03:43:27 2021-12-01T02:55:45 26 2021-12-01T02:54:08 2021-12-01T02:54:28 0.0 0.0 0.0 0.0 0.0 0.0 -0.0
ToO 108 2021-11-30 False False ERASST_J034518-321910 ERASST_J034518-321910 False 56.31886888 False -32.32115 False GROND.2021-12-01T03:54:34.919 False ESO-2.2m GROND 0108.A-9099(A) 0108.A-9099(A) "Rau, Arne" SCIENCE IMAGE False OBJECT False 10.0 J,H,K False eRASSt_J034518-321910_2021-11-30 -1 1.002 False 0.83 False 16 2021-12-01T03:39:27 2021-12-01T02:55:45 2 2021-12-01T03:43:27 2021-12-01T02:55:45 27 2021-12-01T02:54:34 2021-12-01T02:54:54 0.0 0.0 0.0 0.0 0.0 0.0 -0.0
ToO 108 2021-11-30 False False ERASST_J034518-321910 ERASST_J034518-321910 False 56.31885805 False -32.32115 False GROND.2021-12-01T03:55:01.354 False ESO-2.2m GROND 0108.A-9099(A) 0108.A-9099(A) "Rau, Arne" SCIENCE IMAGE False OBJECT False 10.0 J,H,K False eRASSt_J034518-321910_2021-11-30 -1 1.002 False 0.83 False 16 2021-12-01T03:39:27 2021-12-01T02:55:45 2 2021-12-01T03:43:27 2021-12-01T02:55:45 28 2021-12-01T02:55:01 2021-12-01T02:55:21 0.0 0.0 0.0 0.0 0.0 0.0 -0.0
Downtime 108 2021-11-30 False True IDLE "" True 0.0 True 0.0 True "" True ESO-2.2m IDLE IDLE/NIGHT IDLE/NIGHT 0.0 IDLE "" True "" True 0.0 "" False Telescope_Idle 0 0.0 True 0.0 True 49 2021-12-01T03:46:46 2021-12-01T04:45:56 0 2021-12-01T03:46:46 2021-12-01T04:45:56 0 2021-12-01T03:46:46 2021-12-01T04:45:56 0.9861111111111112 0.9861111111111112 0.0 0.0 0.0 0.9861111111111112 0.9861111111111112
ToO 108 2021-11-30 False False ERASST_J044534-101201 ERASST_J044534-101201 False 71.39339388 False -10.19994 False "" True ESO-2.2m GROND 0108.A-9099(A) 0108.A-9099(A) "Rau, Arne" ACQUISITION "" True "" True 0.0 "" True eRASSt_J044534-101201_2021-11-30 -1 1.0815 False 0.83 False 17 2021-12-01T03:53:41 2021-12-01T03:10:31 1 2021-12-01T03:53:41 2021-12-01T03:57:41 1 2021-12-01T03:53:41 2021-12-01T03:57:41 0.06666666666666667 0.06666666666666667 0.0 0.0 0.0 0.06666666666666667 0.06666666666666667
ToO 108 2021-11-30 False False ERASST_J044534-101201 ERASST_J044534-101201 False 71.39317 False -10.20004 False GROND.2021-12-01T03:58:01.160 False ESO-2.2m GROND 0108.A-9099(A) 0108.A-9099(A) "Rau, Arne" SCIENCE IMAGE False OBJECT False 115.011 G,R,I,Z False eRASSt_J044534-101201_2021-11-30 -1 1.0795 False 0.83 False 17 2021-12-01T03:53:41 2021-12-01T03:10:31 2 2021-12-01T03:57:41 2021-12-01T03:10:31 1 2021-12-01T02:58:01 2021-12-01T03:00:56 0.0 0.0 0.0 0.0 0.0 0.0 -0.7861111111111111
ToO 108 2021-11-30 False False ERASST_J044534-101201 ERASST_J044534-101201 False 71.39339388 False -10.19994 False GROND.2021-12-01T03:58:00.087 False ESO-2.2m GROND 0108.A-9099(A) 0108.A-9099(A) "Rau, Arne" SCIENCE IMAGE False OBJECT False 10.0 J,H,K False eRASSt_J044534-101201_2021-11-30 -1 1.0815 False 0.83 False 17 2021-12-01T03:53:41 2021-12-01T03:10:31 2 2021-12-01T03:57:41 2021-12-01T03:10:31 2 2021-12-01T02:58:00 2021-12-01T02:58:20 0.0 0.0 0.0 0.0 0.0 0.0 -0.0
ToO 108 2021-11-30 False False ERASST_J044534-101201 ERASST_J044534-101201 False 71.393355 False -10.20004 False GROND.2021-12-01T03:58:26.457 False ESO-2.2m GROND 0108.A-9099(A) 0108.A-9099(A) "Rau, Arne" SCIENCE IMAGE False OBJECT False 10.0 J,H,K False eRASSt_J044534-101201_2021-11-30 -1 1.081 False 0.83 False 17 2021-12-01T03:53:41 2021-12-01T03:10:31 2 2021-12-01T03:57:41 2021-12-01T03:10:31 3 2021-12-01T02:58:26 2021-12-01T02:58:46 0.0 0.0 0.0 0.0 0.0 0.0 -0.0
ToO 108 2021-11-30 False False ERASST_J044534-101201 ERASST_J044534-101201 False 71.39323888 False -10.19993 False GROND.2021-12-01T03:58:52.811 False ESO-2.2m GROND 0108.A-9099(A) 0108.A-9099(A) "Rau, Arne" SCIENCE IMAGE False OBJECT False 10.0 J,H,K False eRASSt_J044534-101201_2021-11-30 -1 1.0805 False 0.83 False 17 2021-12-01T03:53:41 2021-12-01T03:10:31 2 2021-12-01T03:57:41 2021-12-01T03:10:31 4 2021-12-01T02:58:52 2021-12-01T02:59:12 0.0 0.0 0.0 0.0 0.0 0.0 -0.0
ToO 108 2021-11-30 False False ERASST_J044534-101201 ERASST_J044534-101201 False 71.39317611 False -10.20005 False GROND.2021-12-01T03:59:19.213 False ESO-2.2m GROND 0108.A-9099(A) 0108.A-9099(A) "Rau, Arne" SCIENCE IMAGE False OBJECT False 10.0 J,H,K False eRASSt_J044534-101201_2021-11-30 -1 1.08 False 0.83 False 17 2021-12-01T03:53:41 2021-12-01T03:10:31 2 2021-12-01T03:57:41 2021-12-01T03:10:31 5 2021-12-01T02:59:19 2021-12-01T02:59:39 0.0 0.0 0.0 0.0 0.0 0.0 -0.0
ToO 108 2021-11-30 False False ERASST_J044534-101201 ERASST_J044534-101201 False 71.39315694 False -10.20005 False GROND.2021-12-01T03:59:45.518 False ESO-2.2m GROND 0108.A-9099(A) 0108.A-9099(A) "Rau, Arne" SCIENCE IMAGE False OBJECT False 10.0 J,H,K False eRASSt_J044534-101201_2021-11-30 -1 1.08 False 0.83 False 17 2021-12-01T03:53:41 2021-12-01T03:10:31 2 2021-12-01T03:57:41 2021-12-01T03:10:31 6 2021-12-01T02:59:45 2021-12-01T03:00:05 0.0 0.0 0.0 0.0 0.0 0.0 -0.0
ToO 108 2021-11-30 False False ERASST_J044534-101201 ERASST_J044534-101201 False 71.39317 False -10.20004 False GROND.2021-12-01T04:00:11.987 False ESO-2.2m GROND 0108.A-9099(A) 0108.A-9099(A) "Rau, Arne" SCIENCE IMAGE False OBJECT False 10.0 J,H,K False eRASSt_J044534-101201_2021-11-30 -1 1.0795 False 0.83 False 17 2021-12-01T03:53:41 2021-12-01T03:10:31 2 2021-12-01T03:57:41 2021-12-01T03:10:31 7 2021-12-01T03:00:11 2021-12-01T03:00:31 0.0 0.0 0.0 0.0 0.0 0.0 -0.0
ToO 108 2021-11-30 False False ERASST_J044534-101201 ERASST_J044534-101201 False 71.39384388 False -10.19462 False GROND.2021-12-01T04:01:14.112 False ESO-2.2m GROND 0108.A-9099(A) 0108.A-9099(A) "Rau, Arne" SCIENCE IMAGE False OBJECT False 115.001 G,R,I,Z False eRASSt_J044534-101201_2021-11-30 -1 1.0764999 False 0.88 False 17 2021-12-01T03:53:41 2021-12-01T03:10:31 2 2021-12-01T03:57:41 2021-12-01T03:10:31 8 2021-12-01T03:01:14 2021-12-01T03:04:09 0.0 0.0 0.0 0.0 0.0 0.0 -0.0
ToO 108 2021-11-30 False False ERASST_J044534-101201 ERASST_J044534-101201 False 71.39392611 False -10.19439 False GROND.2021-12-01T04:01:14.468 False ESO-2.2m GROND 0108.A-9099(A) 0108.A-9099(A) "Rau, Arne" SCIENCE IMAGE False OBJECT False 10.0 J,H,K False eRASSt_J044534-101201_2021-11-30 -1 1.0785 False 0.855 False 17 2021-12-01T03:53:41 2021-12-01T03:10:31 2 2021-12-01T03:57:41 2021-12-01T03:10:31 9 2021-12-01T03:01:14 2021-12-01T03:01:34 0.0 0.0 0.0 0.0 0.0 0.0 -0.0
ToO 108 2021-11-30 False False ERASST_J044534-101201 ERASST_J044534-101201 False 71.39412305 False -10.19467 False GROND.2021-12-01T04:01:40.894 False ESO-2.2m GROND 0108.A-9099(A) 0108.A-9099(A) "Rau, Arne" SCIENCE IMAGE False OBJECT False 10.0 J,H,K False eRASSt_J044534-101201_2021-11-30 -1 1.078 False 0.88 False 17 2021-12-01T03:53:41 2021-12-01T03:10:31 2 2021-12-01T03:57:41 2021-12-01T03:10:31 10 2021-12-01T03:01:40 2021-12-01T03:02:00 0.0 0.0 0.0 0.0 0.0 0.0 -0.0
ToO 108 2021-11-30 False False ERASST_J044534-101201 ERASST_J044534-101201 False 71.39405805 False -10.19456 False GROND.2021-12-01T04:02:07.306 False ESO-2.2m GROND 0108.A-9099(A) 0108.A-9099(A) "Rau, Arne" SCIENCE IMAGE False OBJECT False 10.0 J,H,K False eRASSt_J044534-101201_2021-11-30 -1 1.078 False 0.88 False 17 2021-12-01T03:53:41 2021-12-01T03:10:31 2 2021-12-01T03:57:41 2021-12-01T03:10:31 11 2021-12-01T03:02:07 2021-12-01T03:02:27 0.0 0.0 0.0 0.0 0.0 0.0 -0.0
ToO 108 2021-11-30 False False ERASST_J044534-101201 ERASST_J044534-101201 False 71.39397805 False -10.19466 False GROND.2021-12-01T04:02:33.597 False ESO-2.2m GROND 0108.A-9099(A) 0108.A-9099(A) "Rau, Arne" SCIENCE IMAGE False OBJECT False 10.0 J,H,K False eRASSt_J044534-101201_2021-11-30 -1 1.0775 False 0.88 False 17 2021-12-01T03:53:41 2021-12-01T03:10:31 2 2021-12-01T03:57:41 2021-12-01T03:10:31 12 2021-12-01T03:02:33 2021-12-01T03:02:53 0.0 0.0 0.0 0.0 0.0 0.0 -0.0
ToO 108 2021-11-30 False False ERASST_J044534-101201 ERASST_J044534-101201 False 71.39385888 False -10.19465 False GROND.2021-12-01T04:03:00.018 False ESO-2.2m GROND 0108.A-9099(A) 0108.A-9099(A) "Rau, Arne" SCIENCE IMAGE False OBJECT False 10.0 J,H,K False eRASSt_J044534-101201_2021-11-30 -1 1.077 False 0.88 False 17 2021-12-01T03:53:41 2021-12-01T03:10:31 2 2021-12-01T03:57:41 2021-12-01T03:10:31 13 2021-12-01T03:03:00 2021-12-01T03:03:20 0.0 0.0 0.0 0.0 0.0 0.0 -0.0
ToO 108 2021-11-30 False False ERASST_J044534-101201 ERASST_J044534-101201 False 71.39384388 False -10.19462 False GROND.2021-12-01T04:03:26.364 False ESO-2.2m GROND 0108.A-9099(A) 0108.A-9099(A) "Rau, Arne" SCIENCE IMAGE False OBJECT False 10.0 J,H,K False eRASSt_J044534-101201_2021-11-30 -1 1.0764999 False 0.88 False 17 2021-12-01T03:53:41 2021-12-01T03:10:31 2 2021-12-01T03:57:41 2021-12-01T03:10:31 14 2021-12-01T03:03:26 2021-12-01T03:03:46 0.0 0.0 0.0 0.0 0.0 0.0 -0.0
ToO 108 2021-11-30 False False ERASST_J044534-101201 ERASST_J044534-101201 False 71.397825 False -10.20307 False GROND.2021-12-01T04:04:24.194 False ESO-2.2m GROND 0108.A-9099(A) 0108.A-9099(A) "Rau, Arne" SCIENCE IMAGE False OBJECT False 114.949 G,R,I,Z False eRASSt_J044534-101201_2021-11-30 -1 1.074 False 0.88 False 17 2021-12-01T03:53:41 2021-12-01T03:10:31 2 2021-12-01T03:57:41 2021-12-01T03:10:31 15 2021-12-01T03:04:24 2021-12-01T03:07:18 0.0 0.0 0.0 0.0 0.0 0.0 -0.0
ToO 108 2021-11-30 False False ERASST_J044534-101201 ERASST_J044534-101201 False 71.39768194 False -10.20347 False GROND.2021-12-01T04:04:22.982 False ESO-2.2m GROND 0108.A-9099(A) 0108.A-9099(A) "Rau, Arne" SCIENCE IMAGE False OBJECT False 10.0 J,H,K False eRASSt_J044534-101201_2021-11-30 -1 1.076 False 0.88 False 17 2021-12-01T03:53:41 2021-12-01T03:10:31 2 2021-12-01T03:57:41 2021-12-01T03:10:31 16 2021-12-01T03:04:22 2021-12-01T03:04:42 0.0 0.0 0.0 0.0 0.0 0.0 -0.0
ToO 108 2021-11-30 False False ERASST_J044534-101201 ERASST_J044534-101201 False 71.397845 False -10.20314 False GROND.2021-12-01T04:04:49.331 False ESO-2.2m GROND 0108.A-9099(A) 0108.A-9099(A) "Rau, Arne" SCIENCE IMAGE False OBJECT False 10.0 J,H,K False eRASSt_J044534-101201_2021-11-30 -1 1.0755 False 0.88 False 17 2021-12-01T03:53:41 2021-12-01T03:10:31 2 2021-12-01T03:57:41 2021-12-01T03:10:31 17 2021-12-01T03:04:49 2021-12-01T03:05:09 0.0 0.0 0.0 0.0 0.0 0.0 -0.0
ToO 108 2021-11-30 False False ERASST_J044534-101201 ERASST_J044534-101201 False 71.39790888 False -10.20308 False GROND.2021-12-01T04:05:15.669 False ESO-2.2m GROND 0108.A-9099(A) 0108.A-9099(A) "Rau, Arne" SCIENCE IMAGE False OBJECT False 10.0 J,H,K False eRASSt_J044534-101201_2021-11-30 -1 1.075 False 0.88 False 17 2021-12-01T03:53:41 2021-12-01T03:10:31 2 2021-12-01T03:57:41 2021-12-01T03:10:31 18 2021-12-01T03:05:15 2021-12-01T03:05:35 0.0 0.0 0.0 0.0 0.0 0.0 -0.0
ToO 108 2021-11-30 False False ERASST_J044534-101201 ERASST_J044534-101201 False 71.39798611 False -10.20305 False GROND.2021-12-01T04:05:41.981 False ESO-2.2m GROND 0108.A-9099(A) 0108.A-9099(A) "Rau, Arne" SCIENCE IMAGE False OBJECT False 10.0 J,H,K False eRASSt_J044534-101201_2021-11-30 -1 1.075 False 0.88 False 17 2021-12-01T03:53:41 2021-12-01T03:10:31 2 2021-12-01T03:57:41 2021-12-01T03:10:31 19 2021-12-01T03:05:41 2021-12-01T03:06:01 0.0 0.0 0.0 0.0 0.0 0.0 -0.0
ToO 108 2021-11-30 False False ERASST_J044534-101201 ERASST_J044534-101201 False 71.39796611 False -10.2032 False GROND.2021-12-01T04:06:08.255 False ESO-2.2m GROND 0108.A-9099(A) 0108.A-9099(A) "Rau, Arne" SCIENCE IMAGE False OBJECT False 10.0 J,H,K False eRASSt_J044534-101201_2021-11-30 -1 1.0745001 False 0.88 False 17 2021-12-01T03:53:41 2021-12-01T03:10:31 2 2021-12-01T03:57:41 2021-12-01T03:10:31 20 2021-12-01T03:06:08 2021-12-01T03:06:28 0.0 0.0 0.0 0.0 0.0 0.0 -0.0
ToO 108 2021-11-30 False False ERASST_J044534-101201 ERASST_J044534-101201 False 71.397825 False -10.20307 False GROND.2021-12-01T04:06:34.552 False ESO-2.2m GROND 0108.A-9099(A) 0108.A-9099(A) "Rau, Arne" SCIENCE IMAGE False OBJECT False 10.0 J,H,K False eRASSt_J044534-101201_2021-11-30 -1 1.074 False 0.88 False 17 2021-12-01T03:53:41 2021-12-01T03:10:31 2 2021-12-01T03:57:41 2021-12-01T03:10:31 21 2021-12-01T03:06:34 2021-12-01T03:06:54 0.0 0.0 0.0 0.0 0.0 0.0 -0.0
ToO 108 2021-11-30 False False ERASST_J044534-101201 ERASST_J044534-101201 False 71.38838305 False -10.20194 False GROND.2021-12-01T04:07:36.376 False ESO-2.2m GROND 0108.A-9099(A) 0108.A-9099(A) "Rau, Arne" SCIENCE IMAGE False OBJECT False 115.038 G,R,I,Z False eRASSt_J044534-101201_2021-11-30 -1 1.0715001 False 0.88 False 17 2021-12-01T03:53:41 2021-12-01T03:10:31 2 2021-12-01T03:57:41 2021-12-01T03:10:31 22 2021-12-01T03:07:36 2021-12-01T03:10:31 0.0 0.0 0.0 0.0 0.0 0.0 -0.0
ToO 108 2021-11-30 False False ERASST_J044534-101201 ERASST_J044534-101201 False 71.388025 False -10.20195 False GROND.2021-12-01T04:07:37.033 False ESO-2.2m GROND 0108.A-9099(A) 0108.A-9099(A) "Rau, Arne" SCIENCE IMAGE False OBJECT False 10.0 J,H,K False eRASSt_J044534-101201_2021-11-30 -1 1.073 False 0.88 False 17 2021-12-01T03:53:41 2021-12-01T03:10:31 2 2021-12-01T03:57:41 2021-12-01T03:10:31 23 2021-12-01T03:07:37 2021-12-01T03:07:57 0.0 0.0 0.0 0.0 0.0 0.0 -0.0
ToO 108 2021-11-30 False False ERASST_J044534-101201 ERASST_J044534-101201 False 71.38815888 False -10.20196 False GROND.2021-12-01T04:08:03.394 False ESO-2.2m GROND 0108.A-9099(A) 0108.A-9099(A) "Rau, Arne" SCIENCE IMAGE False OBJECT False 10.0 J,H,K False eRASSt_J044534-101201_2021-11-30 -1 1.073 False 0.88 False 17 2021-12-01T03:53:41 2021-12-01T03:10:31 2 2021-12-01T03:57:41 2021-12-01T03:10:31 24 2021-12-01T03:08:03 2021-12-01T03:08:23 0.0 0.0 0.0 0.0 0.0 0.0 -0.0
ToO 108 2021-11-30 False False ERASST_J044534-101201 ERASST_J044534-101201 False 71.38823 False -10.20203 False GROND.2021-12-01T04:08:29.665 False ESO-2.2m GROND 0108.A-9099(A) 0108.A-9099(A) "Rau, Arne" SCIENCE IMAGE False OBJECT False 10.0 J,H,K False eRASSt_J044534-101201_2021-11-30 -1 1.0725 False 0.88 False 17 2021-12-01T03:53:41 2021-12-01T03:10:31 2 2021-12-01T03:57:41 2021-12-01T03:10:31 25 2021-12-01T03:08:29 2021-12-01T03:08:49 0.0 0.0 0.0 0.0 0.0 0.0 -0.0
ToO 108 2021-11-30 False False ERASST_J044534-101201 ERASST_J044534-101201 False 71.38830388 False -10.20193 False GROND.2021-12-01T04:08:56.074 False ESO-2.2m GROND 0108.A-9099(A) 0108.A-9099(A) "Rau, Arne" SCIENCE IMAGE False OBJECT False 10.0 J,H,K False eRASSt_J044534-101201_2021-11-30 -1 1.072 False 0.88 False 17 2021-12-01T03:53:41 2021-12-01T03:10:31 2 2021-12-01T03:57:41 2021-12-01T03:10:31 26 2021-12-01T03:08:56 2021-12-01T03:09:16 0.0 0.0 0.0 0.0 0.0 0.0 -0.0
ToO 108 2021-11-30 False False ERASST_J044534-101201 ERASST_J044534-101201 False 71.38836 False -10.20205 False GROND.2021-12-01T04:09:22.416 False ESO-2.2m GROND 0108.A-9099(A) 0108.A-9099(A) "Rau, Arne" SCIENCE IMAGE False OBJECT False 10.0 J,H,K False eRASSt_J044534-101201_2021-11-30 -1 1.072 False 0.88 False 17 2021-12-01T03:53:41 2021-12-01T03:10:31 2 2021-12-01T03:57:41 2021-12-01T03:10:31 27 2021-12-01T03:09:22 2021-12-01T03:09:42 0.0 0.0 0.0 0.0 0.0 0.0 -0.0
ToO 108 2021-11-30 False False ERASST_J044534-101201 ERASST_J044534-101201 False 71.38838305 False -10.20194 False GROND.2021-12-01T04:09:48.816 False ESO-2.2m GROND 0108.A-9099(A) 0108.A-9099(A) "Rau, Arne" SCIENCE IMAGE False OBJECT False 10.0 J,H,K False eRASSt_J044534-101201_2021-11-30 -1 1.0715001 False 0.88 False 17 2021-12-01T03:53:41 2021-12-01T03:10:31 2 2021-12-01T03:57:41 2021-12-01T03:10:31 28 2021-12-01T03:09:48 2021-12-01T03:10:08 0.0 0.0 0.0 0.0 0.0 0.0 -0.0
Downtime 108 2021-11-30 False True IDLE "" True 0.0 True 0.0 True "" True ESO-2.2m IDLE IDLE/NIGHT IDLE/NIGHT 0.0 IDLE "" True "" True 0.0 "" False Telescope_Idle 0 0.0 True 0.0 True 48 2021-12-01T04:03:17 2021-12-01T05:01:52 0 2021-12-01T04:03:17 2021-12-01T05:01:52 0 2021-12-01T04:03:17 2021-12-01T05:01:52 0.9763888888888889 0.9763888888888889 0.0 0.0 0.0 0.9763888888888889 0.9763888888888889
MPIA/DDT 108 2021-11-30 False False "V DQ TAU" "V DQ TAU" False 71.72037888 False 17.00038 False "" True ESO-2.2m GROND NOPID2 0108.A-9033(A) "Van Terwisga, Sierk" ACQUISITION "" True "" True 0.0 "" True DQ_Tau 1000142921 1.462 False 1.13 False 18 2021-12-01T04:12:31 2021-12-01T03:21:55 1 2021-12-01T04:12:31 2021-12-01T04:16:31 1 2021-12-01T04:12:31 2021-12-01T04:16:31 0.06666666666666667 0.06666666666666667 0.0 0.0 0.0 0.06666666666666667 0.06666666666666667
MPIA/DDT 108 2021-11-30 False False "V DQ TAU" "V DQ TAU" False 71.72037888 False 17.00038 False GROND.2021-12-01T04:16:48.096 False ESO-2.2m GROND NOPID2 0108.A-9033(A) "Van Terwisga, Sierk" SCIENCE IMAGE False OBJECT False 11.411 G,R,I,Z False DQ_Tau 1000142921 1.462 False 1.13 False 18 2021-12-01T04:12:31 2021-12-01T03:21:55 2 2021-12-01T04:16:31 2021-12-01T03:21:55 1 2021-12-01T03:16:48 2021-12-01T03:17:59 0.0 0.0 0.0 0.0 0.0 0.0 -0.91
MPIA/DDT 108 2021-11-30 False False "V DQ TAU" "V DQ TAU" False 71.72052611 False 17.00038 False GROND.2021-12-01T04:16:48.663 False ESO-2.2m GROND NOPID2 0108.A-9033(A) "Van Terwisga, Sierk" SCIENCE IMAGE False OBJECT False 2.0 J,H,K False DQ_Tau 1000142921 1.463 False 1.13 False 18 2021-12-01T04:12:31 2021-12-01T03:21:55 2 2021-12-01T04:16:31 2021-12-01T03:21:55 2 2021-12-01T03:16:48 2021-12-01T03:17:00 0.0 0.0 0.0 0.0 0.0 0.0 -0.0
MPIA/DDT 108 2021-11-30 False False "V DQ TAU" "V DQ TAU" False 71.72049388 False 17.00038 False GROND.2021-12-01T04:16:58.964 False ESO-2.2m GROND NOPID2 0108.A-9033(A) "Van Terwisga, Sierk" SCIENCE IMAGE False OBJECT False 2.0 J,H,K False DQ_Tau 1000142921 1.463 False 1.13 False 18 2021-12-01T04:12:31 2021-12-01T03:21:55 2 2021-12-01T04:16:31 2021-12-01T03:21:55 3 2021-12-01T03:16:58 2021-12-01T03:17:10 0.0 0.0 0.0 0.0 0.0 0.0 -0.0
MPIA/DDT 108 2021-11-30 False False "V DQ TAU" "V DQ TAU" False 71.72046305 False 17.00038 False GROND.2021-12-01T04:17:09.363 False ESO-2.2m GROND NOPID2 0108.A-9033(A) "Van Terwisga, Sierk" SCIENCE IMAGE False OBJECT False 2.0 J,H,K False DQ_Tau 1000142921 1.463 False 1.13 False 18 2021-12-01T04:12:31 2021-12-01T03:21:55 2 2021-12-01T04:16:31 2021-12-01T03:21:55 4 2021-12-01T03:17:09 2021-12-01T03:17:21 0.0 0.0 0.0 0.0 0.0 0.0 -0.0
MPIA/DDT 108 2021-11-30 False False "V DQ TAU" "V DQ TAU" False 71.72044111 False 17.00038 False GROND.2021-12-01T04:17:19.675 False ESO-2.2m GROND NOPID2 0108.A-9033(A) "Van Terwisga, Sierk" SCIENCE IMAGE False OBJECT False 2.0 J,H,K False DQ_Tau 1000142921 1.463 False 1.13 False 18 2021-12-01T04:12:31 2021-12-01T03:21:55 2 2021-12-01T04:16:31 2021-12-01T03:21:55 5 2021-12-01T03:17:19 2021-12-01T03:17:31 0.0 0.0 0.0 0.0 0.0 0.0 -0.0
MPIA/DDT 108 2021-11-30 False False "V DQ TAU" "V DQ TAU" False 71.72040111 False 17.00038 False GROND.2021-12-01T04:17:30.078 False ESO-2.2m GROND NOPID2 0108.A-9033(A) "Van Terwisga, Sierk" SCIENCE IMAGE False OBJECT False 2.0 J,H,K False DQ_Tau 1000142921 1.4625001 False 1.13 False 18 2021-12-01T04:12:31 2021-12-01T03:21:55 2 2021-12-01T04:16:31 2021-12-01T03:21:55 6 2021-12-01T03:17:30 2021-12-01T03:17:42 0.0 0.0 0.0 0.0 0.0 0.0 -0.0
MPIA/DDT 108 2021-11-30 False False "V DQ TAU" "V DQ TAU" False 71.72037888 False 17.00038 False GROND.2021-12-01T04:17:40.389 False ESO-2.2m GROND NOPID2 0108.A-9033(A) "Van Terwisga, Sierk" SCIENCE IMAGE False OBJECT False 2.0 J,H,K False DQ_Tau 1000142921 1.462 False 1.13 False 18 2021-12-01T04:12:31 2021-12-01T03:21:55 2 2021-12-01T04:16:31 2021-12-01T03:21:55 7 2021-12-01T03:17:40 2021-12-01T03:17:52 0.0 0.0 0.0 0.0 0.0 0.0 -0.0
MPIA/DDT 108 2021-11-30 False False "V DQ TAU" "V DQ TAU" False 71.72083388 False 17.0059 False GROND.2021-12-01T04:18:05.705 False ESO-2.2m GROND NOPID2 0108.A-9033(A) "Van Terwisga, Sierk" SCIENCE IMAGE False OBJECT False 11.402 G,R,I,Z False DQ_Tau 1000142921 1.461 False 1.13 False 18 2021-12-01T04:12:31 2021-12-01T03:21:55 2 2021-12-01T04:16:31 2021-12-01T03:21:55 8 2021-12-01T03:18:05 2021-12-01T03:19:16 0.0 0.0 0.0 0.0 0.0 0.0 -0.0
MPIA/DDT 108 2021-11-30 False False "V DQ TAU" "V DQ TAU" False 71.72099111 False 17.0059 False GROND.2021-12-01T04:18:05.152 False ESO-2.2m GROND NOPID2 0108.A-9033(A) "Van Terwisga, Sierk" SCIENCE IMAGE False OBJECT False 2.0 J,H,K False DQ_Tau 1000142921 1.462 False 1.13 False 18 2021-12-01T04:12:31 2021-12-01T03:21:55 2 2021-12-01T04:16:31 2021-12-01T03:21:55 9 2021-12-01T03:18:05 2021-12-01T03:18:17 0.0 0.0 0.0 0.0 0.0 0.0 -0.0
MPIA/DDT 108 2021-11-30 False False "V DQ TAU" "V DQ TAU" False 71.720965 False 17.0059 False GROND.2021-12-01T04:18:15.448 False ESO-2.2m GROND NOPID2 0108.A-9033(A) "Van Terwisga, Sierk" SCIENCE IMAGE False OBJECT False 2.0 J,H,K False DQ_Tau 1000142921 1.462 False 1.13 False 18 2021-12-01T04:12:31 2021-12-01T03:21:55 2 2021-12-01T04:16:31 2021-12-01T03:21:55 10 2021-12-01T03:18:15 2021-12-01T03:18:27 0.0 0.0 0.0 0.0 0.0 0.0 -0.0
MPIA/DDT 108 2021-11-30 False False "V DQ TAU" "V DQ TAU" False 71.72093111 False 17.0059 False GROND.2021-12-01T04:18:25.786 False ESO-2.2m GROND NOPID2 0108.A-9033(A) "Van Terwisga, Sierk" SCIENCE IMAGE False OBJECT False 2.0 J,H,K False DQ_Tau 1000142921 1.462 False 1.13 False 18 2021-12-01T04:12:31 2021-12-01T03:21:55 2 2021-12-01T04:16:31 2021-12-01T03:21:55 11 2021-12-01T03:18:25 2021-12-01T03:18:37 0.0 0.0 0.0 0.0 0.0 0.0 -0.0
MPIA/DDT 108 2021-11-30 False False "V DQ TAU" "V DQ TAU" False 71.72090194 False 17.0059 False GROND.2021-12-01T04:18:36.060 False ESO-2.2m GROND NOPID2 0108.A-9033(A) "Van Terwisga, Sierk" SCIENCE IMAGE False OBJECT False 2.0 J,H,K False DQ_Tau 1000142921 1.4614999 False 1.13 False 18 2021-12-01T04:12:31 2021-12-01T03:21:55 2 2021-12-01T04:16:31 2021-12-01T03:21:55 12 2021-12-01T03:18:36 2021-12-01T03:18:48 0.0 0.0 0.0 0.0 0.0 0.0 -0.0
MPIA/DDT 108 2021-11-30 False False "V DQ TAU" "V DQ TAU" False 71.72086888 False 17.0059 False GROND.2021-12-01T04:18:46.377 False ESO-2.2m GROND NOPID2 0108.A-9033(A) "Van Terwisga, Sierk" SCIENCE IMAGE False OBJECT False 2.0 J,H,K False DQ_Tau 1000142921 1.461 False 1.13 False 18 2021-12-01T04:12:31 2021-12-01T03:21:55 2 2021-12-01T04:16:31 2021-12-01T03:21:55 13 2021-12-01T03:18:46 2021-12-01T03:18:58 0.0 0.0 0.0 0.0 0.0 0.0 -0.0
MPIA/DDT 108 2021-11-30 False False "V DQ TAU" "V DQ TAU" False 71.72083388 False 17.0059 False GROND.2021-12-01T04:18:56.853 False ESO-2.2m GROND NOPID2 0108.A-9033(A) "Van Terwisga, Sierk" SCIENCE IMAGE False OBJECT False 2.0 J,H,K False DQ_Tau 1000142921 1.461 False 1.13 False 18 2021-12-01T04:12:31 2021-12-01T03:21:55 2 2021-12-01T04:16:31 2021-12-01T03:21:55 14 2021-12-01T03:18:56 2021-12-01T03:19:08 0.0 0.0 0.0 0.0 0.0 0.0 -0.0
MPIA/DDT 108 2021-11-30 False False "V DQ TAU" "V DQ TAU" False 71.72456694 False 16.99694 False GROND.2021-12-01T04:19:24.734 False ESO-2.2m GROND NOPID2 0108.A-9033(A) "Van Terwisga, Sierk" SCIENCE IMAGE False OBJECT False 11.35 G,R,I,Z False DQ_Tau 1000142921 1.4595001 False 1.13 False 18 2021-12-01T04:12:31 2021-12-01T03:21:55 2 2021-12-01T04:16:31 2021-12-01T03:21:55 15 2021-12-01T03:19:24 2021-12-01T03:20:35 0.0 0.0 0.0 0.0 0.0 0.0 -0.0
MPIA/DDT 108 2021-11-30 False False "V DQ TAU" "V DQ TAU" False 71.72471111 False 16.99694 False GROND.2021-12-01T04:19:23.599 False ESO-2.2m GROND NOPID2 0108.A-9033(A) "Van Terwisga, Sierk" SCIENCE IMAGE False OBJECT False 2.0 J,H,K False DQ_Tau 1000142921 1.46 False 1.13 False 18 2021-12-01T04:12:31 2021-12-01T03:21:55 2 2021-12-01T04:16:31 2021-12-01T03:21:55 16 2021-12-01T03:19:23 2021-12-01T03:19:35 0.0 0.0 0.0 0.0 0.0 0.0 -0.0
MPIA/DDT 108 2021-11-30 False False "V DQ TAU" "V DQ TAU" False 71.72467888 False 16.99694 False GROND.2021-12-01T04:19:34.003 False ESO-2.2m GROND NOPID2 0108.A-9033(A) "Van Terwisga, Sierk" SCIENCE IMAGE False OBJECT False 2.0 J,H,K False DQ_Tau 1000142921 1.46 False 1.13 False 18 2021-12-01T04:12:31 2021-12-01T03:21:55 2 2021-12-01T04:16:31 2021-12-01T03:21:55 17 2021-12-01T03:19:34 2021-12-01T03:19:46 0.0 0.0 0.0 0.0 0.0 0.0 -0.0
MPIA/DDT 108 2021-11-30 False False "V DQ TAU" "V DQ TAU" False 71.72465611 False 16.99694 False GROND.2021-12-01T04:19:44.336 False ESO-2.2m GROND NOPID2 0108.A-9033(A) "Van Terwisga, Sierk" SCIENCE IMAGE False OBJECT False 2.0 J,H,K False DQ_Tau 1000142921 1.46 False 1.13 False 18 2021-12-01T04:12:31 2021-12-01T03:21:55 2 2021-12-01T04:16:31 2021-12-01T03:21:55 18 2021-12-01T03:19:44 2021-12-01T03:19:56 0.0 0.0 0.0 0.0 0.0 0.0 -0.0
MPIA/DDT 108 2021-11-30 False False "V DQ TAU" "V DQ TAU" False 71.72462111 False 16.99694 False GROND.2021-12-01T04:19:54.608 False ESO-2.2m GROND NOPID2 0108.A-9033(A) "Van Terwisga, Sierk" SCIENCE IMAGE False OBJECT False 2.0 J,H,K False DQ_Tau 1000142921 1.46 False 1.13 False 18 2021-12-01T04:12:31 2021-12-01T03:21:55 2 2021-12-01T04:16:31 2021-12-01T03:21:55 19 2021-12-01T03:19:54 2021-12-01T03:20:06 0.0 0.0 0.0 0.0 0.0 0.0 -0.0
MPIA/DDT 108 2021-11-30 False False "V DQ TAU" "V DQ TAU" False 71.72458805 False 16.99694 False GROND.2021-12-01T04:20:05.044 False ESO-2.2m GROND NOPID2 0108.A-9033(A) "Van Terwisga, Sierk" SCIENCE IMAGE False OBJECT False 2.0 J,H,K False DQ_Tau 1000142921 1.46 False 1.13 False 18 2021-12-01T04:12:31 2021-12-01T03:21:55 2 2021-12-01T04:16:31 2021-12-01T03:21:55 20 2021-12-01T03:20:05 2021-12-01T03:20:17 0.0 0.0 0.0 0.0 0.0 0.0 -0.0
MPIA/DDT 108 2021-11-30 False False "V DQ TAU" "V DQ TAU" False 71.72456694 False 16.99694 False GROND.2021-12-01T04:20:15.361 False ESO-2.2m GROND NOPID2 0108.A-9033(A) "Van Terwisga, Sierk" SCIENCE IMAGE False OBJECT False 2.0 J,H,K False DQ_Tau 1000142921 1.4595001 False 1.13 False 18 2021-12-01T04:12:31 2021-12-01T03:21:55 2 2021-12-01T04:16:31 2021-12-01T03:21:55 21 2021-12-01T03:20:15 2021-12-01T03:20:27 0.0 0.0 0.0 0.0 0.0 0.0 -0.0
MPIA/DDT 108 2021-11-30 False False "V DQ TAU" "V DQ TAU" False 71.71434888 False 16.99819 False GROND.2021-12-01T04:20:44.705 False ESO-2.2m GROND NOPID2 0108.A-9033(A) "Van Terwisga, Sierk" SCIENCE IMAGE False OBJECT False 11.407 G,R,I,Z False DQ_Tau 1000142921 1.458 False 1.1 False 18 2021-12-01T04:12:31 2021-12-01T03:21:55 2 2021-12-01T04:16:31 2021-12-01T03:21:55 22 2021-12-01T03:20:44 2021-12-01T03:21:55 0.0 0.0 0.0 0.0 0.0 0.0 -0.0
MPIA/DDT 108 2021-11-30 False False "V DQ TAU" "V DQ TAU" False 71.714495 False 16.99819 False GROND.2021-12-01T04:20:44.179 False ESO-2.2m GROND NOPID2 0108.A-9033(A) "Van Terwisga, Sierk" SCIENCE IMAGE False OBJECT False 2.0 J,H,K False DQ_Tau 1000142921 1.459 False 1.13 False 18 2021-12-01T04:12:31 2021-12-01T03:21:55 2 2021-12-01T04:16:31 2021-12-01T03:21:55 23 2021-12-01T03:20:44 2021-12-01T03:20:56 0.0 0.0 0.0 0.0 0.0 0.0 -0.0
MPIA/DDT 108 2021-11-30 False False "V DQ TAU" "V DQ TAU" False 71.71446805 False 16.99819 False GROND.2021-12-01T04:20:54.470 False ESO-2.2m GROND NOPID2 0108.A-9033(A) "Van Terwisga, Sierk" SCIENCE IMAGE False OBJECT False 2.0 J,H,K False DQ_Tau 1000142921 1.459 False 1.13 False 18 2021-12-01T04:12:31 2021-12-01T03:21:55 2 2021-12-01T04:16:31 2021-12-01T03:21:55 24 2021-12-01T03:20:54 2021-12-01T03:21:06 0.0 0.0 0.0 0.0 0.0 0.0 -0.0
MPIA/DDT 108 2021-11-30 False False "V DQ TAU" "V DQ TAU" False 71.71443 False 16.99819 False GROND.2021-12-01T04:21:04.925 False ESO-2.2m GROND NOPID2 0108.A-9033(A) "Van Terwisga, Sierk" SCIENCE IMAGE False OBJECT False 2.0 J,H,K False DQ_Tau 1000142921 1.459 False 1.13 False 18 2021-12-01T04:12:31 2021-12-01T03:21:55 2 2021-12-01T04:16:31 2021-12-01T03:21:55 25 2021-12-01T03:21:04 2021-12-01T03:21:16 0.0 0.0 0.0 0.0 0.0 0.0 -0.0
MPIA/DDT 108 2021-11-30 False False "V DQ TAU" "V DQ TAU" False 71.71441111 False 16.99819 False GROND.2021-12-01T04:21:15.305 False ESO-2.2m GROND NOPID2 0108.A-9033(A) "Van Terwisga, Sierk" SCIENCE IMAGE False OBJECT False 2.0 J,H,K False DQ_Tau 1000142921 1.4584999 False 1.115 False 18 2021-12-01T04:12:31 2021-12-01T03:21:55 2 2021-12-01T04:16:31 2021-12-01T03:21:55 26 2021-12-01T03:21:15 2021-12-01T03:21:27 0.0 0.0 0.0 0.0 0.0 0.0 -0.0
MPIA/DDT 108 2021-11-30 False False "V DQ TAU" "V DQ TAU" False 71.71437611 False 16.99819 False GROND.2021-12-01T04:21:25.671 False ESO-2.2m GROND NOPID2 0108.A-9033(A) "Van Terwisga, Sierk" SCIENCE IMAGE False OBJECT False 2.0 J,H,K False DQ_Tau 1000142921 1.458 False 1.1 False 18 2021-12-01T04:12:31 2021-12-01T03:21:55 2 2021-12-01T04:16:31 2021-12-01T03:21:55 27 2021-12-01T03:21:25 2021-12-01T03:21:37 0.0 0.0 0.0 0.0 0.0 0.0 -0.0
MPIA/DDT 108 2021-11-30 False False "V DQ TAU" "V DQ TAU" False 71.71434888 False 16.99819 False GROND.2021-12-01T04:21:35.963 False ESO-2.2m GROND NOPID2 0108.A-9033(A) "Van Terwisga, Sierk" SCIENCE IMAGE False OBJECT False 2.0 J,H,K False DQ_Tau 1000142921 1.458 False 1.1 False 18 2021-12-01T04:12:31 2021-12-01T03:21:55 2 2021-12-01T04:16:31 2021-12-01T03:21:55 28 2021-12-01T03:21:35 2021-12-01T03:21:47 0.0 0.0 0.0 0.0 0.0 0.0 -0.0
MPIA/DDT 108 2021-11-30 False False "V DQ TAU" "V DQ TAU" False 71.71931111 False 17.00035 False "" True ESO-2.2m GROND NOPID2 0108.A-9033(A) "Van Terwisga, Sierk" ACQUISITION "" True "" True 0.0 "" True DQ_Tau 1000142921 1.456 False 1.1 False 19 2021-12-01T04:18:27 2021-12-01T03:27:55 1 2021-12-01T04:18:27 2021-12-01T04:22:27 1 2021-12-01T04:18:27 2021-12-01T04:22:27 0.06666666666666667 0.06666666666666667 0.0 0.0 0.0 0.06666666666666667 0.06666666666666667
MPIA/DDT 108 2021-11-30 False False "V DQ TAU" "V DQ TAU" False 71.71931111 False 17.00035 False GROND.2021-12-01T04:22:46.380 False ESO-2.2m GROND NOPID2 0108.A-9033(A) "Van Terwisga, Sierk" SCIENCE IMAGE False OBJECT False 11.405 G,R,I,Z False DQ_Tau 1000142921 1.456 False 1.1 False 19 2021-12-01T04:18:27 2021-12-01T03:27:55 2 2021-12-01T04:22:27 2021-12-01T03:27:55 1 2021-12-01T03:22:46 2021-12-01T03:23:57 0.0 0.0 0.0 0.0 0.0 0.0 -0.9088888888888889
MPIA/DDT 108 2021-11-30 False False "V DQ TAU" "V DQ TAU" False 71.71947694 False 17.00036 False GROND.2021-12-01T04:22:47.282 False ESO-2.2m GROND NOPID2 0108.A-9033(A) "Van Terwisga, Sierk" SCIENCE IMAGE False OBJECT False 2.0 J,H,K False DQ_Tau 1000142921 1.457 False 1.1 False 19 2021-12-01T04:18:27 2021-12-01T03:27:55 2 2021-12-01T04:22:27 2021-12-01T03:27:55 2 2021-12-01T03:22:47 2021-12-01T03:22:59 0.0 0.0 0.0 0.0 0.0 0.0 -0.0
MPIA/DDT 108 2021-11-30 False False "V DQ TAU" "V DQ TAU" False 71.71943888 False 17.00036 False GROND.2021-12-01T04:22:59.586 False ESO-2.2m GROND NOPID2 0108.A-9033(A) "Van Terwisga, Sierk" SCIENCE IMAGE False OBJECT False 2.0 J,H,K False DQ_Tau 1000142921 1.457 False 1.1 False 19 2021-12-01T04:18:27 2021-12-01T03:27:55 2 2021-12-01T04:22:27 2021-12-01T03:27:55 3 2021-12-01T03:22:59 2021-12-01T03:23:11 0.0 0.0 0.0 0.0 0.0 0.0 -0.0
MPIA/DDT 108 2021-11-30 False False "V DQ TAU" "V DQ TAU" False 71.71940888 False 17.00036 False GROND.2021-12-01T04:23:09.978 False ESO-2.2m GROND NOPID2 0108.A-9033(A) "Van Terwisga, Sierk" SCIENCE IMAGE False OBJECT False 2.0 J,H,K False DQ_Tau 1000142921 1.457 False 1.1 False 19 2021-12-01T04:18:27 2021-12-01T03:27:55 2 2021-12-01T04:22:27 2021-12-01T03:27:55 4 2021-12-01T03:23:09 2021-12-01T03:23:21 0.0 0.0 0.0 0.0 0.0 0.0 -0.0
MPIA/DDT 108 2021-11-30 False False "V DQ TAU" "V DQ TAU" False 71.719375 False 17.00035 False GROND.2021-12-01T04:23:20.298 False ESO-2.2m GROND NOPID2 0108.A-9033(A) "Van Terwisga, Sierk" SCIENCE IMAGE False OBJECT False 2.0 J,H,K False DQ_Tau 1000142921 1.457 False 1.1 False 19 2021-12-01T04:18:27 2021-12-01T03:27:55 2 2021-12-01T04:22:27 2021-12-01T03:27:55 5 2021-12-01T03:23:20 2021-12-01T03:23:32 0.0 0.0 0.0 0.0 0.0 0.0 -0.0
MPIA/DDT 108 2021-11-30 False False "V DQ TAU" "V DQ TAU" False 71.71935111 False 17.00035 False GROND.2021-12-01T04:23:30.693 False ESO-2.2m GROND NOPID2 0108.A-9033(A) "Van Terwisga, Sierk" SCIENCE IMAGE False OBJECT False 2.0 J,H,K False DQ_Tau 1000142921 1.4565 False 1.1 False 19 2021-12-01T04:18:27 2021-12-01T03:27:55 2 2021-12-01T04:22:27 2021-12-01T03:27:55 6 2021-12-01T03:23:30 2021-12-01T03:23:42 0.0 0.0 0.0 0.0 0.0 0.0 -0.0
MPIA/DDT 108 2021-11-30 False False "V DQ TAU" "V DQ TAU" False 71.71931111 False 17.00035 False GROND.2021-12-01T04:23:42.996 False ESO-2.2m GROND NOPID2 0108.A-9033(A) "Van Terwisga, Sierk" SCIENCE IMAGE False OBJECT False 2.0 J,H,K False DQ_Tau 1000142921 1.456 False 1.1 False 19 2021-12-01T04:18:27 2021-12-01T03:27:55 2 2021-12-01T04:22:27 2021-12-01T03:27:55 7 2021-12-01T03:23:42 2021-12-01T03:23:54 0.0 0.0 0.0 0.0 0.0 0.0 -0.0
MPIA/DDT 108 2021-11-30 False False "V DQ TAU" "V DQ TAU" False 71.71978805 False 17.00588 False GROND.2021-12-01T04:24:05.681 False ESO-2.2m GROND NOPID2 0108.A-9033(A) "Van Terwisga, Sierk" SCIENCE IMAGE False OBJECT False 11.407 G,R,I,Z False DQ_Tau 1000142921 1.455 False 1.1 False 19 2021-12-01T04:18:27 2021-12-01T03:27:55 2 2021-12-01T04:22:27 2021-12-01T03:27:55 8 2021-12-01T03:24:05 2021-12-01T03:25:16 0.0 0.0 0.0 0.0 0.0 0.0 -0.0
MPIA/DDT 108 2021-11-30 False False "V DQ TAU" "V DQ TAU" False 71.71994 False 17.00588 False GROND.2021-12-01T04:24:05.478 False ESO-2.2m GROND NOPID2 0108.A-9033(A) "Van Terwisga, Sierk" SCIENCE IMAGE False OBJECT False 2.0 J,H,K False DQ_Tau 1000142921 1.456 False 1.1 False 19 2021-12-01T04:18:27 2021-12-01T03:27:55 2 2021-12-01T04:22:27 2021-12-01T03:27:55 9 2021-12-01T03:24:05 2021-12-01T03:24:17 0.0 0.0 0.0 0.0 0.0 0.0 -0.0
MPIA/DDT 108 2021-11-30 False False "V DQ TAU" "V DQ TAU" False 71.719905 False 17.00588 False GROND.2021-12-01T04:24:15.794 False ESO-2.2m GROND NOPID2 0108.A-9033(A) "Van Terwisga, Sierk" SCIENCE IMAGE False OBJECT False 2.0 J,H,K False DQ_Tau 1000142921 1.456 False 1.1 False 19 2021-12-01T04:18:27 2021-12-01T03:27:55 2 2021-12-01T04:22:27 2021-12-01T03:27:55 10 2021-12-01T03:24:15 2021-12-01T03:24:27 0.0 0.0 0.0 0.0 0.0 0.0 -0.0
MPIA/DDT 108 2021-11-30 False False "V DQ TAU" "V DQ TAU" False 71.71988111 False 17.00588 False GROND.2021-12-01T04:24:26.156 False ESO-2.2m GROND NOPID2 0108.A-9033(A) "Van Terwisga, Sierk" SCIENCE IMAGE False OBJECT False 2.0 J,H,K False DQ_Tau 1000142921 1.456 False 1.1 False 19 2021-12-01T04:18:27 2021-12-01T03:27:55 2 2021-12-01T04:22:27 2021-12-01T03:27:55 11 2021-12-01T03:24:26 2021-12-01T03:24:38 0.0 0.0 0.0 0.0 0.0 0.0 -0.0
MPIA/DDT 108 2021-11-30 False False "V DQ TAU" "V DQ TAU" False 71.719855 False 17.00588 False GROND.2021-12-01T04:24:36.438 False ESO-2.2m GROND NOPID2 0108.A-9033(A) "Van Terwisga, Sierk" SCIENCE IMAGE False OBJECT False 2.0 J,H,K False DQ_Tau 1000142921 1.456 False 1.1 False 19 2021-12-01T04:18:27 2021-12-01T03:27:55 2 2021-12-01T04:22:27 2021-12-01T03:27:55 12 2021-12-01T03:24:36 2021-12-01T03:24:48 0.0 0.0 0.0 0.0 0.0 0.0 -0.0
MPIA/DDT 108 2021-11-30 False False "V DQ TAU" "V DQ TAU" False 71.71982694 False 17.00588 False GROND.2021-12-01T04:24:46.814 False ESO-2.2m GROND NOPID2 0108.A-9033(A) "Van Terwisga, Sierk" SCIENCE IMAGE False OBJECT False 2.0 J,H,K False DQ_Tau 1000142921 1.4555 False 1.1 False 19 2021-12-01T04:18:27 2021-12-01T03:27:55 2 2021-12-01T04:22:27 2021-12-01T03:27:55 13 2021-12-01T03:24:46 2021-12-01T03:24:58 0.0 0.0 0.0 0.0 0.0 0.0 -0.0
MPIA/DDT 108 2021-11-30 False False "V DQ TAU" "V DQ TAU" False 71.71978805 False 17.00588 False GROND.2021-12-01T04:24:57.265 False ESO-2.2m GROND NOPID2 0108.A-9033(A) "Van Terwisga, Sierk" SCIENCE IMAGE False OBJECT False 2.0 J,H,K False DQ_Tau 1000142921 1.455 False 1.1 False 19 2021-12-01T04:18:27 2021-12-01T03:27:55 2 2021-12-01T04:22:27 2021-12-01T03:27:55 14 2021-12-01T03:24:57 2021-12-01T03:25:09 0.0 0.0 0.0 0.0 0.0 0.0 -0.0
MPIA/DDT 108 2021-11-30 False False "V DQ TAU" "V DQ TAU" False 71.72351305 False 16.99691 False GROND.2021-12-01T04:25:24.690 False ESO-2.2m GROND NOPID2 0108.A-9033(A) "Van Terwisga, Sierk" SCIENCE IMAGE False OBJECT False 11.409 G,R,I,Z False DQ_Tau 1000142921 1.454 False 1.1 False 19 2021-12-01T04:18:27 2021-12-01T03:27:55 2 2021-12-01T04:22:27 2021-12-01T03:27:55 15 2021-12-01T03:25:24 2021-12-01T03:26:35 0.0 0.0 0.0 0.0 0.0 0.0 -0.0
MPIA/DDT 108 2021-11-30 False False "V DQ TAU" "V DQ TAU" False 71.72366 False 16.99691 False GROND.2021-12-01T04:25:23.942 False ESO-2.2m GROND NOPID2 0108.A-9033(A) "Van Terwisga, Sierk" SCIENCE IMAGE False OBJECT False 2.0 J,H,K False DQ_Tau 1000142921 1.455 False 1.1 False 19 2021-12-01T04:18:27 2021-12-01T03:27:55 2 2021-12-01T04:22:27 2021-12-01T03:27:55 16 2021-12-01T03:25:23 2021-12-01T03:25:35 0.0 0.0 0.0 0.0 0.0 0.0 -0.0
MPIA/DDT 108 2021-11-30 False False "V DQ TAU" "V DQ TAU" False 71.72363194 False 16.99691 False GROND.2021-12-01T04:25:34.317 False ESO-2.2m GROND NOPID2 0108.A-9033(A) "Van Terwisga, Sierk" SCIENCE IMAGE False OBJECT False 2.0 J,H,K False DQ_Tau 1000142921 1.455 False 1.1 False 19 2021-12-01T04:18:27 2021-12-01T03:27:55 2 2021-12-01T04:22:27 2021-12-01T03:27:55 17 2021-12-01T03:25:34 2021-12-01T03:25:46 0.0 0.0 0.0 0.0 0.0 0.0 -0.0
MPIA/DDT 108 2021-11-30 False False "V DQ TAU" "V DQ TAU" False 71.72360388 False 16.99691 False GROND.2021-12-01T04:25:44.784 False ESO-2.2m GROND NOPID2 0108.A-9033(A) "Van Terwisga, Sierk" SCIENCE IMAGE False OBJECT False 2.0 J,H,K False DQ_Tau 1000142921 1.4545 False 1.1 False 19 2021-12-01T04:18:27 2021-12-01T03:27:55 2 2021-12-01T04:22:27 2021-12-01T03:27:55 18 2021-12-01T03:25:44 2021-12-01T03:25:56 0.0 0.0 0.0 0.0 0.0 0.0 -0.0
MPIA/DDT 108 2021-11-30 False False "V DQ TAU" "V DQ TAU" False 71.72358 False 16.99691 False GROND.2021-12-01T04:25:55.061 False ESO-2.2m GROND NOPID2 0108.A-9033(A) "Van Terwisga, Sierk" SCIENCE IMAGE False OBJECT False 2.0 J,H,K False DQ_Tau 1000142921 1.454 False 1.1 False 19 2021-12-01T04:18:27 2021-12-01T03:27:55 2 2021-12-01T04:22:27 2021-12-01T03:27:55 19 2021-12-01T03:25:55 2021-12-01T03:26:07 0.0 0.0 0.0 0.0 0.0 0.0 -0.0
MPIA/DDT 108 2021-11-30 False False "V DQ TAU" "V DQ TAU" False 71.72354611 False 16.99691 False GROND.2021-12-01T04:26:05.484 False ESO-2.2m GROND NOPID2 0108.A-9033(A) "Van Terwisga, Sierk" SCIENCE IMAGE False OBJECT False 2.0 J,H,K False DQ_Tau 1000142921 1.454 False 1.1 False 19 2021-12-01T04:18:27 2021-12-01T03:27:55 2 2021-12-01T04:22:27 2021-12-01T03:27:55 20 2021-12-01T03:26:05 2021-12-01T03:26:17 0.0 0.0 0.0 0.0 0.0 0.0 -0.0
MPIA/DDT 108 2021-11-30 False False "V DQ TAU" "V DQ TAU" False 71.72351305 False 16.99691 False GROND.2021-12-01T04:26:17.789 False ESO-2.2m GROND NOPID2 0108.A-9033(A) "Van Terwisga, Sierk" SCIENCE IMAGE False OBJECT False 2.0 J,H,K False DQ_Tau 1000142921 1.454 False 1.1 False 19 2021-12-01T04:18:27 2021-12-01T03:27:55 2 2021-12-01T04:22:27 2021-12-01T03:27:55 21 2021-12-01T03:26:17 2021-12-01T03:26:29 0.0 0.0 0.0 0.0 0.0 0.0 -0.0
MPIA/DDT 108 2021-11-30 False False "V DQ TAU" "V DQ TAU" False 71.71329194 False 16.99816 False GROND.2021-12-01T04:26:44.740 False ESO-2.2m GROND NOPID2 0108.A-9033(A) "Van Terwisga, Sierk" SCIENCE IMAGE False OBJECT False 11.405 G,R,I,Z False DQ_Tau 1000142921 1.453 False 1.1 False 19 2021-12-01T04:18:27 2021-12-01T03:27:55 2 2021-12-01T04:22:27 2021-12-01T03:27:55 22 2021-12-01T03:26:44 2021-12-01T03:27:55 0.0 0.0 0.0 0.0 0.0 0.0 -0.0
MPIA/DDT 108 2021-11-30 False False "V DQ TAU" "V DQ TAU" False 71.71343888 False 16.99816 False GROND.2021-12-01T04:26:44.378 False ESO-2.2m GROND NOPID2 0108.A-9033(A) "Van Terwisga, Sierk" SCIENCE IMAGE False OBJECT False 2.0 J,H,K False DQ_Tau 1000142921 1.454 False 1.1 False 19 2021-12-01T04:18:27 2021-12-01T03:27:55 2 2021-12-01T04:22:27 2021-12-01T03:27:55 23 2021-12-01T03:26:44 2021-12-01T03:26:56 0.0 0.0 0.0 0.0 0.0 0.0 -0.0
MPIA/DDT 108 2021-11-30 False False "V DQ TAU" "V DQ TAU" False 71.71341 False 16.99816 False GROND.2021-12-01T04:26:54.733 False ESO-2.2m GROND NOPID2 0108.A-9033(A) "Van Terwisga, Sierk" SCIENCE IMAGE False OBJECT False 2.0 J,H,K False DQ_Tau 1000142921 1.454 False 1.1 False 19 2021-12-01T04:18:27 2021-12-01T03:27:55 2 2021-12-01T04:22:27 2021-12-01T03:27:55 24 2021-12-01T03:26:54 2021-12-01T03:27:06 0.0 0.0 0.0 0.0 0.0 0.0 -0.0
MPIA/DDT 108 2021-11-30 False False "V DQ TAU" "V DQ TAU" False 71.71338194 False 16.99816 False GROND.2021-12-01T04:27:05.118 False ESO-2.2m GROND NOPID2 0108.A-9033(A) "Van Terwisga, Sierk" SCIENCE IMAGE False OBJECT False 2.0 J,H,K False DQ_Tau 1000142921 1.453 False 1.1 False 19 2021-12-01T04:18:27 2021-12-01T03:27:55 2 2021-12-01T04:22:27 2021-12-01T03:27:55 25 2021-12-01T03:27:05 2021-12-01T03:27:17 0.0 0.0 0.0 0.0 0.0 0.0 -0.0
MPIA/DDT 108 2021-11-30 False False "V DQ TAU" "V DQ TAU" False 71.71335111 False 16.99816 False GROND.2021-12-01T04:27:15.430 False ESO-2.2m GROND NOPID2 0108.A-9033(A) "Van Terwisga, Sierk" SCIENCE IMAGE False OBJECT False 2.0 J,H,K False DQ_Tau 1000142921 1.453 False 1.1 False 19 2021-12-01T04:18:27 2021-12-01T03:27:55 2 2021-12-01T04:22:27 2021-12-01T03:27:55 26 2021-12-01T03:27:15 2021-12-01T03:27:27 0.0 0.0 0.0 0.0 0.0 0.0 -0.0
MPIA/DDT 108 2021-11-30 False False "V DQ TAU" "V DQ TAU" False 71.71331611 False 16.99816 False GROND.2021-12-01T04:27:25.818 False ESO-2.2m GROND NOPID2 0108.A-9033(A) "Van Terwisga, Sierk" SCIENCE IMAGE False OBJECT False 2.0 J,H,K False DQ_Tau 1000142921 1.453 False 1.1 False 19 2021-12-01T04:18:27 2021-12-01T03:27:55 2 2021-12-01T04:22:27 2021-12-01T03:27:55 27 2021-12-01T03:27:25 2021-12-01T03:27:37 0.0 0.0 0.0 0.0 0.0 0.0 -0.0
MPIA/DDT 108 2021-11-30 False False "V DQ TAU" "V DQ TAU" False 71.71329194 False 16.99816 False GROND.2021-12-01T04:27:36.289 False ESO-2.2m GROND NOPID2 0108.A-9033(A) "Van Terwisga, Sierk" SCIENCE IMAGE False OBJECT False 2.0 J,H,K False DQ_Tau 1000142921 1.453 False 1.1 False 19 2021-12-01T04:18:27 2021-12-01T03:27:55 2 2021-12-01T04:22:27 2021-12-01T03:27:55 28 2021-12-01T03:27:36 2021-12-01T03:27:48 0.0 0.0 0.0 0.0 0.0 0.0 -0.0
Downtime 108 2021-11-30 False True IDLE "" True 0.0 True 0.0 True "" True ESO-2.2m IDLE IDLE/NIGHT IDLE/NIGHT 0.0 IDLE "" True "" True 0.0 "" False Telescope_Idle 0 0.0 True 0.0 True 47 2021-12-01T04:20:42 2021-12-01T05:20:31 0 2021-12-01T04:20:42 2021-12-01T05:20:31 0 2021-12-01T04:20:42 2021-12-01T05:20:31 0.9969444444444444 0.9969444444444444 0.0 0.0 0.0 0.9969444444444444 0.9969444444444444
MPIA/A 108 2021-11-30 False False HD13246 HD13246 False 31.82756194 False -59.66346 False "" True ESO-2.2m FEROS 0108.A-9014(A) 0108.A-9029(A) "Zakhozhay, Olga" ACQUISITION "" True "" True 0.0 "" True HD13246 1000132540 1.2965 False 1.1500001 False 20 2021-12-01T04:29:25 2021-12-01T03:46:46 1 2021-12-01T04:29:25 2021-12-01T04:33:25 1 2021-12-01T04:29:25 2021-12-01T04:33:25 0.06666666666666667 0.06666666666666667 0.0 0.0 0.0 0.06666666666666667 0.06666666666666667
MPIA/A 108 2021-11-30 False False HD13246 HD13246 False 31.82756194 False -59.66346 False FEROS.2021-12-01T04:33:46.009 False ESO-2.2m FEROS 0108.A-9014(A) 0108.A-9029(A) "Zakhozhay, Olga" SCIENCE ECHELLE False OBJECT,WAVE False 720.042 "" False HD13246 1000132540 1.2965 False 1.1500001 False 20 2021-12-01T04:29:25 2021-12-01T03:46:46 2 2021-12-01T04:33:25 2021-12-01T03:46:46 1 2021-12-01T03:33:46 2021-12-01T03:46:46 0.0 0.0 0.0 0.0 0.0 0.0 -0.7775
Downtime 108 2021-11-30 False True IDLE "" True 0.0 True 0.0 True "" True ESO-2.2m IDLE IDLE/NIGHT IDLE/NIGHT 0.0 IDLE "" True "" True 0.0 "" False Telescope_Idle 0 0.0 True 0.0 True 46 2021-12-01T04:37:52 2021-12-01T05:36:10 0 2021-12-01T04:37:52 2021-12-01T05:36:10 0 2021-12-01T04:37:52 2021-12-01T05:36:10 0.9716666666666667 0.9716666666666667 0.0 0.0 0.0 0.9716666666666667 0.9716666666666667
MPIA/A 108 2021-11-30 False False HD20759 HD20759 False 49.82791 False -36.54878 False "" True ESO-2.2m FEROS 0108.A-9014(A) 0108.A-9029(A) "Zakhozhay, Olga" ACQUISITION "" True "" True 0.0 "" True HD20759 1000132543 1.072 False 1.125 False 21 2021-12-01T04:45:56 2021-12-01T04:03:17 1 2021-12-01T04:45:56 2021-12-01T04:49:56 1 2021-12-01T04:45:56 2021-12-01T04:49:56 0.06666666666666667 0.06666666666666667 0.0 0.0 0.0 0.06666666666666667 0.06666666666666667
MPIA/A 108 2021-11-30 False False HD20759 HD20759 False 49.82791 False -36.54878 False FEROS.2021-12-01T04:50:17.384 False ESO-2.2m FEROS 0108.A-9014(A) 0108.A-9029(A) "Zakhozhay, Olga" SCIENCE ECHELLE False OBJECT,WAVE False 720.042 "" False HD20759 1000132543 1.072 False 1.125 False 21 2021-12-01T04:45:56 2021-12-01T04:03:17 2 2021-12-01T04:49:56 2021-12-01T04:03:17 1 2021-12-01T03:50:17 2021-12-01T04:03:17 0.0 0.0 0.0 0.0 0.0 0.0 -0.7775
Downtime 108 2021-11-30 False True IDLE "" True 0.0 True 0.0 True "" True ESO-2.2m IDLE IDLE/NIGHT IDLE/NIGHT 0.0 IDLE "" True "" True 0.0 "" False Telescope_Idle 0 0.0 True 0.0 True 45 2021-12-01T04:50:02 2021-12-01T05:47:26 0 2021-12-01T04:50:02 2021-12-01T05:47:26 0 2021-12-01T04:50:02 2021-12-01T05:47:26 0.9566666666666667 0.9566666666666667 0.0 0.0 0.0 0.9566666666666667 0.9566666666666667
MPIA/A 108 2021-11-30 False False HD27638B HD27638B False 65.63188 False 25.64455 False "" True ESO-2.2m FEROS 0108.A-9014(A) 0108.A-9029(A) "Zakhozhay, Olga" ACQUISITION "" True "" True 0.0 "" True HD27638B 1000132552 1.7895 False 0.96 False 22 2021-12-01T05:01:52 2021-12-01T04:20:42 1 2021-12-01T05:01:52 2021-12-01T05:05:52 1 2021-12-01T05:01:52 2021-12-01T05:05:52 0.06666666666666667 0.06666666666666667 0.0 0.0 0.0 0.06666666666666667 0.06666666666666667
MPIA/A 108 2021-11-30 False False HD27638B HD27638B False 65.63188 False 25.64455 False FEROS.2021-12-01T05:06:12.816 False ESO-2.2m FEROS 0108.A-9014(A) 0108.A-9029(A) "Zakhozhay, Olga" SCIENCE ECHELLE False OBJECT,WAVE False 810.042 "" False HD27638B 1000132552 1.7895 False 0.96 False 22 2021-12-01T05:01:52 2021-12-01T04:20:42 2 2021-12-01T05:05:52 2021-12-01T04:20:42 1 2021-12-01T04:06:12 2021-12-01T04:20:42 0.0 0.0 0.0 0.0 0.0 0.0 -0.7527777777777778
Downtime 108 2021-11-30 False True IDLE "" True 0.0 True 0.0 True "" True ESO-2.2m IDLE IDLE/NIGHT IDLE/NIGHT 0.0 IDLE "" True "" True 0.0 "" False Telescope_Idle 0 0.0 True 0.0 True 44 2021-12-01T05:06:17 2021-12-01T06:05:14 0 2021-12-01T05:06:17 2021-12-01T06:05:14 0 2021-12-01T05:06:17 2021-12-01T06:05:14 0.9825 0.9825 0.0 0.0 0.0 0.9825 0.9825
Downtime 108 2021-11-30 False True IDLE "" True 0.0 True 0.0 True "" True ESO-2.2m IDLE IDLE/NIGHT IDLE/NIGHT 0.0 IDLE "" True "" True 0.0 "" False Telescope_Idle 0 0.0 True 0.0 True 43 2021-12-01T05:19:05 2021-12-01T06:16:34 0 2021-12-01T05:19:05 2021-12-01T06:16:34 0 2021-12-01T05:19:05 2021-12-01T06:16:34 0.9580555555555555 0.9580555555555555 0.0 0.0 0.0 0.9580555555555555 0.9580555555555555
MPIA/A 108 2021-11-30 False False HD43989 HD43989 False 94.76770888 False -3.42479 False "" True ESO-2.2m FEROS 0108.A-9014(A) 0108.A-9029(A) "Zakhozhay, Olga" ACQUISITION "" True "" True 0.0 "" True HD43989 1000132567 1.138 False 0.975 False 23 2021-12-01T05:20:31 2021-12-01T04:37:52 1 2021-12-01T05:20:31 2021-12-01T05:24:31 1 2021-12-01T05:20:31 2021-12-01T05:24:31 0.06666666666666667 0.06666666666666667 0.0 0.0 0.0 0.06666666666666667 0.06666666666666667
MPIA/A 108 2021-11-30 False False HD43989 HD43989 False 94.76770888 False -3.42479 False FEROS.2021-12-01T05:24:52.224 False ESO-2.2m FEROS 0108.A-9014(A) 0108.A-9029(A) "Zakhozhay, Olga" SCIENCE ECHELLE False OBJECT,WAVE False 720.042 "" False HD43989 1000132567 1.138 False 0.975 False 23 2021-12-01T05:20:31 2021-12-01T04:37:52 2 2021-12-01T05:24:31 2021-12-01T04:37:52 1 2021-12-01T04:24:52 2021-12-01T04:37:52 0.0 0.0 0.0 0.0 0.0 0.0 -0.7775
MPIA/A 108 2021-11-30 False False HD50571 HD50571 False 102.47329388 False -60.23257 False "" True ESO-2.2m FEROS 0108.A-9014(A) 0108.A-9029(A) "Zakhozhay, Olga" ACQUISITION "" True "" True 0.0 "" True HD50571 1000132573 1.1915 False 0.885 False 24 2021-12-01T05:36:10 2021-12-01T04:50:02 1 2021-12-01T05:36:10 2021-12-01T05:40:10 1 2021-12-01T05:36:10 2021-12-01T05:40:10 0.06666666666666667 0.06666666666666667 0.0 0.0 0.0 0.06666666666666667 0.06666666666666667
MPIA/A 108 2021-11-30 False False HD50571 HD50571 False 102.47329388 False -60.23257 False FEROS.2021-12-01T05:40:32.264 False ESO-2.2m FEROS 0108.A-9014(A) 0108.A-9029(A) "Zakhozhay, Olga" SCIENCE ECHELLE False OBJECT,WAVE False 510.042 "" False HD50571 1000132573 1.1915 False 0.885 False 24 2021-12-01T05:36:10 2021-12-01T04:50:02 2 2021-12-01T05:40:10 2021-12-01T04:50:02 1 2021-12-01T04:40:32 2021-12-01T04:50:02 0.0 0.0 0.0 0.0 0.0 0.0 -0.8355555555555556
Downtime 108 2021-11-30 False True IDLE "" True 0.0 True 0.0 True "" True ESO-2.2m IDLE IDLE/NIGHT IDLE/NIGHT 0.0 IDLE "" True "" True 0.0 "" False Telescope_Idle 0 0.0 True 0.0 True 42 2021-12-01T05:36:54 2021-12-01T06:34:40 0 2021-12-01T05:36:54 2021-12-01T06:34:40 0 2021-12-01T05:36:54 2021-12-01T06:34:40 0.9627777777777777 0.9627777777777777 0.0 0.0 0.0 0.9627777777777777 0.9627777777777777
MPIA/A 108 2021-11-30 False False HD59659 HD59659 False 112.101745 False -49.13377 False "" True ESO-2.2m FEROS 0108.A-9014(A) 0108.A-9029(A) "Zakhozhay, Olga" ACQUISITION "" True "" True 0.0 "" True HD59659 1000132582 1.1175001 False 0.92 False 25 2021-12-01T05:47:26 2021-12-01T05:06:17 1 2021-12-01T05:47:26 2021-12-01T05:51:26 1 2021-12-01T05:47:26 2021-12-01T05:51:26 0.06666666666666667 0.06666666666666667 0.0 0.0 0.0 0.06666666666666667 0.06666666666666667
MPIA/A 108 2021-11-30 False False HD59659 HD59659 False 112.101745 False -49.13377 False FEROS.2021-12-01T05:51:47.446 False ESO-2.2m FEROS 0108.A-9014(A) 0108.A-9029(A) "Zakhozhay, Olga" SCIENCE ECHELLE False OBJECT,WAVE False 810.042 "" False HD59659 1000132582 1.1175001 False 0.92 False 25 2021-12-01T05:47:26 2021-12-01T05:06:17 2 2021-12-01T05:51:26 2021-12-01T05:06:17 1 2021-12-01T04:51:47 2021-12-01T05:06:17 0.0 0.0 0.0 0.0 0.0 0.0 -0.7525
Downtime 108 2021-11-30 False True IDLE "" True 0.0 True 0.0 True "" True ESO-2.2m IDLE IDLE/NIGHT IDLE/NIGHT 0.0 IDLE "" True "" True 0.0 "" False Telescope_Idle 0 0.0 True 0.0 True 41 2021-12-01T05:55:00 2021-12-01T06:53:30 0 2021-12-01T05:55:00 2021-12-01T06:53:30 0 2021-12-01T05:55:00 2021-12-01T06:53:30 0.975 0.975 0.0 0.0 0.0 0.975 0.975
Downtime 108 2021-11-30 False True IDLE "" True 0.0 True 0.0 True "" True ESO-2.2m IDLE IDLE/NIGHT IDLE/NIGHT 0.0 IDLE "" True "" True 0.0 "" False Telescope_Idle 0 0.0 True 0.0 True 40 2021-12-01T06:03:51 2021-12-01T07:02:57 0 2021-12-01T06:03:51 2021-12-01T07:02:57 0 2021-12-01T06:03:51 2021-12-01T07:02:57 0.985 0.985 0.0 0.0 0.0 0.985 0.985
MPIA/A 108 2021-11-30 False False HD57703 HD57703 False 110.75123611 False 18.2852 False "" True ESO-2.2m FEROS 0108.A-9014(A) 0108.A-9029(A) "Zakhozhay, Olga" ACQUISITION "" True "" True 0.0 "" True HD57703 1000132579 1.574 False 0.92 False 26 2021-12-01T06:05:14 2021-12-01T05:19:05 1 2021-12-01T06:05:14 2021-12-01T06:09:14 1 2021-12-01T06:05:14 2021-12-01T06:09:14 0.06666666666666667 0.06666666666666667 0.0 0.0 0.0 0.06666666666666667 0.06666666666666667
MPIA/A 108 2021-11-30 False False HD57703 HD57703 False 110.75123611 False 18.2852 False FEROS.2021-12-01T06:09:35.189 False ESO-2.2m FEROS 0108.A-9014(A) 0108.A-9029(A) "Zakhozhay, Olga" SCIENCE ECHELLE False OBJECT,WAVE False 510.042 "" False HD57703 1000132579 1.574 False 0.92 False 26 2021-12-01T06:05:14 2021-12-01T05:19:05 2 2021-12-01T06:09:14 2021-12-01T05:19:05 1 2021-12-01T05:09:35 2021-12-01T05:19:05 0.0 0.0 0.0 0.0 0.0 0.0 -0.8358333333333333
MPIA/A 108 2021-11-30 False False 3074017117197637504 3074017117197637504 False 131.55390111 False -1.36766 False "" True ESO-2.2m FEROS 0108.A-9001(A) 0108.A-9001(A) "Rix, Hans-Walter" ACQUISITION "" True "" True 0.0 "" True 3074017117197637504 1000135996 1.3785 False 0.92 False 27 2021-12-01T06:16:34 2021-12-01T05:36:54 1 2021-12-01T06:16:34 2021-12-01T06:20:34 1 2021-12-01T06:16:34 2021-12-01T06:20:34 0.06666666666666667 0.06666666666666667 0.0 0.0 0.0 0.06666666666666667 0.06666666666666667
MPIA/A 108 2021-11-30 False False 3074017117197637504 3074017117197637504 False 131.55390111 False -1.36766 False FEROS.2021-12-01T06:20:54.801 False ESO-2.2m FEROS 0108.A-9001(A) 0108.A-9001(A) "Rix, Hans-Walter" SCIENCE ECHELLE False OBJECT,WAVE False 900.042 "" False 3074017117197637504 1000135996 1.3785 False 0.92 False 27 2021-12-01T06:16:34 2021-12-01T05:36:54 2 2021-12-01T06:20:34 2021-12-01T05:36:54 1 2021-12-01T05:20:54 2021-12-01T05:36:54 0.0 0.0 0.0 0.0 0.0 0.0 -0.7277777777777777
Downtime 108 2021-11-30 False True IDLE "" True 0.0 True 0.0 True "" True ESO-2.2m IDLE IDLE/NIGHT IDLE/NIGHT 0.0 IDLE "" True "" True 0.0 "" False Telescope_Idle 0 0.0 True 0.0 True 39 2021-12-01T06:28:18 2021-12-01T07:26:54 0 2021-12-01T06:28:18 2021-12-01T07:26:54 0 2021-12-01T06:28:18 2021-12-01T07:26:54 0.9766666666666667 0.9766666666666667 0.0 0.0 0.0 0.9766666666666667 0.9766666666666667
MPIA/A 108 2021-11-30 False False 5676423464967732224 5676423464967732224 False 141.33729388 False -20.74619 False "" True ESO-2.2m FEROS 0108.A-9001(A) 0108.A-9001(A) "Rix, Hans-Walter" ACQUISITION "" True "" True 0.0 "" True 5676423464967732224 1000135048 1.2574999 False 0.92 False 28 2021-12-01T06:34:40 2021-12-01T05:55:00 1 2021-12-01T06:34:40 2021-12-01T06:38:40 1 2021-12-01T06:34:40 2021-12-01T06:38:40 0.06666666666666667 0.06666666666666667 0.0 0.0 0.0 0.06666666666666667 0.06666666666666667
MPIA/A 108 2021-11-30 False False 5676423464967732224 5676423464967732224 False 141.33729388 False -20.74619 False FEROS.2021-12-01T06:39:00.536 False ESO-2.2m FEROS 0108.A-9001(A) 0108.A-9001(A) "Rix, Hans-Walter" SCIENCE ECHELLE False OBJECT,WAVE False 900.042 "" False 5676423464967732224 1000135048 1.2574999 False 0.92 False 28 2021-12-01T06:34:40 2021-12-01T05:55:00 2 2021-12-01T06:38:40 2021-12-01T05:55:00 1 2021-12-01T05:39:00 2021-12-01T05:55:00 0.0 0.0 0.0 0.0 0.0 0.0 -0.7277777777777777
Downtime 108 2021-11-30 False True IDLE "" True 0.0 True 0.0 True "" True ESO-2.2m IDLE IDLE/NIGHT IDLE/NIGHT 0.0 IDLE "" True "" True 0.0 "" False Telescope_Idle 0 0.0 True 0.0 True 38 2021-12-01T06:47:14 2021-12-01T07:46:01 0 2021-12-01T06:47:14 2021-12-01T07:46:01 0 2021-12-01T06:47:14 2021-12-01T07:46:01 0.9797222222222223 0.7219444444444445 0.0 0.0 0.0 0.9797222222222223 0.9797222222222223
MPIA/A 108 2021-11-30 False False TIC323295479 TIC323295479 False 130.67179111 False -83.04477 False "" True ESO-2.2m FEROS 0108.A-9003(A) 0108.A-9003(A) "Hobson, Melissa" ACQUISITION "" True "" True 0.0 "" True TIC323295479 1000141474 1.7195001 False 0.92 False 29 2021-12-01T06:53:30 2021-12-01T06:03:51 1 2021-12-01T06:53:30 2021-12-01T06:57:30 1 2021-12-01T06:53:30 2021-12-01T06:57:30 0.06666666666666667 0.06666666666666667 0.0 0.0 0.0 0.06666666666666667 0.06666666666666667
MPIA/A 108 2021-11-30 False False TIC323295479 TIC323295479 False 130.67179111 False -83.04477 False FEROS.2021-12-01T06:57:51.547 False ESO-2.2m FEROS 0108.A-9003(A) 0108.A-9003(A) "Hobson, Melissa" SCIENCE ECHELLE False OBJECT,WAVE False 300.042 "" False TIC323295479 1000141474 1.7195001 False 0.92 False 29 2021-12-01T06:53:30 2021-12-01T06:03:51 2 2021-12-01T06:57:30 2021-12-01T06:03:51 1 2021-12-01T05:57:51 2021-12-01T06:03:51 0.0 0.0 0.0 0.0 0.0 0.0 -0.8941666666666667
Downtime 108 2021-11-30 False True IDLE "" True 0.0 True 0.0 True "" True ESO-2.2m IDLE IDLE/NIGHT IDLE/NIGHT 0.0 IDLE "" True "" True 0.0 "" False Telescope_Idle 0 0.0 True 0.0 True 37 2021-12-01T07:01:22 2021-12-01T07:59:11 0 2021-12-01T07:01:22 2021-12-01T07:59:11 0 2021-12-01T07:01:22 2021-12-01T07:59:11 0.9636111111111111 0.48638888888888887 0.0 0.0 0.0 0.9636111111111111 0.9636111111111111
MPIA/A 108 2021-11-30 False False 5356261239628045568 5356261239628045568 False 150.60580111 False -54.49635 False "" True ESO-2.2m FEROS 0108.A-9001(A) 0108.A-9001(A) "Rix, Hans-Walter" ACQUISITION "" True "" True 0.0 "" True 5356261239628045568 1000135468 1.2895 False 0.92 False 30 2021-12-01T07:02:57 2021-12-01T06:28:18 1 2021-12-01T07:02:57 2021-12-01T07:06:57 1 2021-12-01T07:02:57 2021-12-01T07:06:57 0.06666666666666667 0.06666666666666667 0.0 0.0 0.0 0.06666666666666667 0.06666666666666667
MPIA/A 108 2021-11-30 False False 5356261239628045568 5356261239628045568 False 150.60580111 False -54.49635 False FEROS.2021-12-01T07:07:18.237 False ESO-2.2m FEROS 0108.A-9001(A) 0108.A-9001(A) "Rix, Hans-Walter" SCIENCE ECHELLE False OBJECT,WAVE False 1200.042 "" False 5356261239628045568 1000135468 1.2895 False 0.92 False 30 2021-12-01T07:02:57 2021-12-01T06:28:18 2 2021-12-01T07:06:57 2021-12-01T06:28:18 1 2021-12-01T06:07:18 2021-12-01T06:28:18 0.0 0.0 0.0 0.0 0.0 0.0 -0.6441666666666667
Downtime 108 2021-11-30 False True IDLE "" True 0.0 True 0.0 True "" True ESO-2.2m IDLE IDLE/NIGHT IDLE/NIGHT 0.0 IDLE "" True "" True 0.0 "" False Telescope_Idle 0 0.0 True 0.0 True 36 2021-12-01T07:14:32 2021-12-01T08:02:40 0 2021-12-01T07:14:32 2021-12-01T08:02:40 0 2021-12-01T07:14:32 2021-12-01T08:02:40 0.8022222222222222 0.26694444444444443 0.0 0.0 0.0 0.8022222222222222 0.8022222222222222
MPIA/A 108 2021-11-30 False False 3830954078905654784 3830954078905654784 False 155.89123805 False -0.67843 False "" True ESO-2.2m FEROS 0108.A-9001(A) 0108.A-9001(A) "Rix, Hans-Walter" ACQUISITION "" True "" True 0.0 "" True 3830954078905654784 1000135726 1.5235 False 0.92 False 31 2021-12-01T07:26:54 2021-12-01T06:47:14 1 2021-12-01T07:26:54 2021-12-01T07:30:54 1 2021-12-01T07:26:54 2021-12-01T07:30:54 0.06666666666666667 0.060833333333333336 0.0 0.0 0.0 0.06666666666666667 0.06666666666666667
MPIA/A 108 2021-11-30 False False 3830954078905654784 3830954078905654784 False 155.89123805 False -0.67843 False FEROS.2021-12-01T07:31:14.729 False ESO-2.2m FEROS 0108.A-9001(A) 0108.A-9001(A) "Rix, Hans-Walter" SCIENCE ECHELLE False OBJECT,WAVE False 900.042 "" False 3830954078905654784 1000135726 1.5235 False 0.92 False 31 2021-12-01T07:26:54 2021-12-01T06:47:14 2 2021-12-01T07:30:54 2021-12-01T06:47:14 1 2021-12-01T06:31:14 2021-12-01T06:47:14 0.0 0.0 0.0 0.0 0.0 0.0 -0.7277777777777777
MPIA/A 108 2021-11-30 False False 5254561499297512192 5254561499297512192 False 158.60827694 False -59.22251 False "" True ESO-2.2m FEROS 0108.A-9001(A) 0108.A-9001(A) "Rix, Hans-Walter" ACQUISITION "" True "" True 0.0 "" True 5254561499297512192 1000135645 1.314 False 0.92 False 32 2021-12-01T07:46:01 2021-12-01T07:01:22 1 2021-12-01T07:46:01 2021-12-01T07:50:01 1 2021-12-01T07:46:01 2021-12-01T07:50:01 0.06666666666666667 0.0 0.0 0.0 0.0 0.06666666666666667 0.06666666666666667
MPIA/A 108 2021-11-30 False False 5254561499297512192 5254561499297512192 False 158.60827694 False -59.22251 False FEROS.2021-12-01T07:50:22.421 False ESO-2.2m FEROS 0108.A-9001(A) 0108.A-9001(A) "Rix, Hans-Walter" SCIENCE ECHELLE False OBJECT,WAVE False 600.042 "" False 5254561499297512192 1000135645 1.314 False 0.92 False 32 2021-12-01T07:46:01 2021-12-01T07:01:22 2 2021-12-01T07:50:01 2021-12-01T07:01:22 1 2021-12-01T06:50:22 2021-12-01T07:01:22 0.0 0.0 0.0 0.0 0.0 0.0 -0.8108333333333333
MPIA/A 108 2021-11-30 False False 5352153227989306752 5352153227989306752 False 160.24661694 False -55.88331 False "" True ESO-2.2m FEROS 0108.A-9001(A) 0108.A-9001(A) "Rix, Hans-Walter" ACQUISITION "" True "" True 0.0 "" True 5352153227989306752 1000135495 1.27 False 0.92 False 33 2021-12-01T07:59:11 2021-12-01T07:14:32 1 2021-12-01T07:59:11 2021-12-01T08:03:11 1 2021-12-01T07:59:11 2021-12-01T08:03:11 0.058055555555555555 0.0 0.008611111111111111 0.0 0.0 0.06666666666666667 0.06666666666666667
MPIA/A 108 2021-11-30 False False 5352153227989306752 5352153227989306752 False 160.24661694 False -55.88331 False FEROS.2021-12-01T08:03:32.424 False ESO-2.2m FEROS 0108.A-9001(A) 0108.A-9001(A) "Rix, Hans-Walter" SCIENCE ECHELLE False OBJECT,WAVE False 600.042 "" False 5352153227989306752 1000135495 1.27 False 0.92 False 33 2021-12-01T07:59:11 2021-12-01T07:14:32 2 2021-12-01T08:03:11 2021-12-01T07:14:32 1 2021-12-01T07:03:32 2021-12-01T07:14:32 0.0 0.0 0.0 0.0 0.0 0.0 -0.8108333333333333
Downtime 108 2021-11-30 False True IDLE "" True 0.0 True 0.0 True "" True ESO-2.2m IDLE IDLE/TWILIGHT IDLE/TWILIGHT 0.0 IDLE "" True "" True 0.0 "" False Telescope_Idle 0 0.0 True 0.0 True 60 2021-12-01T08:02:40 2021-12-01T08:36:50 0 2021-12-01T08:02:40 2021-12-01T08:36:50 0 2021-12-01T08:02:40 2021-12-01T08:36:50 0.0 0.0 0.5694444444444444 0.0 0.0 0.5694444444444444 0.5694444444444444
Calib 108 2021-11-30 True True BIAS "" True -596.52323555 True -596.52323555 True FEROS.2021-11-30T20:53:06.316 False ESO-2.2m FEROS 60.A-9700(A) 60.A-9700(A) Service CALIB ECHELLE False BIAS False 0.0 "" False "Calibration 1x1,normal" 100319512 nan True nan True 3 2021-11-30T20:53:01 2021-11-30T21:27:58 1 2021-11-30T20:53:01 2021-11-30T20:57:03 1 2021-11-30T19:53:06 2021-11-30T19:54:06 0.0 0.0 0.0 0.0 0.0 0.0 0.0
Calib 108 2021-11-30 True True BIAS "" True -596.52323555 True -596.52323555 True FEROS.2021-11-30T20:53:55.891 False ESO-2.2m FEROS 60.A-9700(A) 60.A-9700(A) Service CALIB ECHELLE False BIAS False 0.0 "" False "Calibration 1x1,normal" 100319512 nan True nan True 3 2021-11-30T20:53:01 2021-11-30T21:27:58 1 2021-11-30T20:53:01 2021-11-30T20:57:03 2 2021-11-30T19:53:55 2021-11-30T19:54:55 0.0 0.0 0.0 0.0 0.0 0.0 0.0
Calib 108 2021-11-30 True True BIAS "" True -596.52323555 True -596.52323555 True FEROS.2021-11-30T20:54:43.226 False ESO-2.2m FEROS 60.A-9700(A) 60.A-9700(A) Service CALIB ECHELLE False BIAS False 0.0 "" False "Calibration 1x1,normal" 100319512 nan True nan True 3 2021-11-30T20:53:01 2021-11-30T21:27:58 1 2021-11-30T20:53:01 2021-11-30T20:57:03 3 2021-11-30T19:54:43 2021-11-30T19:55:43 0.0 0.0 0.0 0.0 0.0 0.0 0.0
Calib 108 2021-11-30 True True BIAS "" True -596.52323555 True -596.52323555 True FEROS.2021-11-30T20:55:31.272 False ESO-2.2m FEROS 60.A-9700(A) 60.A-9700(A) Service CALIB ECHELLE False BIAS False 0.0 "" False "Calibration 1x1,normal" 100319512 nan True nan True 3 2021-11-30T20:53:01 2021-11-30T21:27:58 1 2021-11-30T20:53:01 2021-11-30T20:57:03 4 2021-11-30T19:55:31 2021-11-30T19:56:31 0.0 0.0 0.0 0.0 0.0 0.0 0.0
Calib 108 2021-11-30 True True BIAS "" True -596.52323555 True -596.52323555 True FEROS.2021-11-30T20:56:20.746 False ESO-2.2m FEROS 60.A-9700(A) 60.A-9700(A) Service CALIB ECHELLE False BIAS False 0.0 "" False "Calibration 1x1,normal" 100319512 nan True nan True 3 2021-11-30T20:53:01 2021-11-30T21:27:58 1 2021-11-30T20:53:01 2021-11-30T20:57:03 5 2021-11-30T19:56:20 2021-11-30T19:57:20 0.0 0.0 0.0 0.0 0.0 0.0 0.0
Calib 108 2021-11-30 True True FLAT "" True -596.52323555 True -596.52323555 True FEROS.2021-11-30T21:02:24.765 False ESO-2.2m FEROS 60.A-9700(A) 60.A-9700(A) Service CALIB ECHELLE False FLAT False 8.043 "" False "Calibration 1x1,normal" 100319512 nan True nan True 3 2021-11-30T20:53:01 2021-11-30T21:27:58 2 2021-11-30T20:57:03 2021-11-30T21:12:24 1 2021-11-30T20:02:24 2021-11-30T20:03:32 0.0 0.0 0.0 0.0 0.0 0.0 0.0
Calib 108 2021-11-30 True True FLAT "" True -596.52323555 True -596.52323555 True FEROS.2021-11-30T21:03:23.731 False ESO-2.2m FEROS 60.A-9700(A) 60.A-9700(A) Service CALIB ECHELLE False FLAT False 8.043 "" False "Calibration 1x1,normal" 100319512 nan True nan True 3 2021-11-30T20:53:01 2021-11-30T21:27:58 2 2021-11-30T20:57:03 2021-11-30T21:12:24 2 2021-11-30T20:03:23 2021-11-30T20:04:31 0.0 0.0 0.0 0.0 0.0 0.0 0.0
Calib 108 2021-11-30 True True FLAT "" True -596.52323555 True -596.52323555 True FEROS.2021-11-30T21:04:24.537 False ESO-2.2m FEROS 60.A-9700(A) 60.A-9700(A) Service CALIB ECHELLE False FLAT False 8.043 "" False "Calibration 1x1,normal" 100319512 nan True nan True 3 2021-11-30T20:53:01 2021-11-30T21:27:58 2 2021-11-30T20:57:03 2021-11-30T21:12:24 3 2021-11-30T20:04:24 2021-11-30T20:05:32 0.0 0.0 0.0 0.0 0.0 0.0 0.0
Calib 108 2021-11-30 True True FLAT "" True -596.52323555 True -596.52323555 True FEROS.2021-11-30T21:05:24.543 False ESO-2.2m FEROS 60.A-9700(A) 60.A-9700(A) Service CALIB ECHELLE False FLAT False 8.042 "" False "Calibration 1x1,normal" 100319512 nan True nan True 3 2021-11-30T20:53:01 2021-11-30T21:27:58 2 2021-11-30T20:57:03 2021-11-30T21:12:24 4 2021-11-30T20:05:24 2021-11-30T20:06:32 0.0 0.0 0.0 0.0 0.0 0.0 0.0
Calib 108 2021-11-30 True True FLAT "" True -596.52323555 True -596.52323555 True FEROS.2021-11-30T21:06:25.210 False ESO-2.2m FEROS 60.A-9700(A) 60.A-9700(A) Service CALIB ECHELLE False FLAT False 8.042 "" False "Calibration 1x1,normal" 100319512 nan True nan True 3 2021-11-30T20:53:01 2021-11-30T21:27:58 2 2021-11-30T20:57:03 2021-11-30T21:12:24 5 2021-11-30T20:06:25 2021-11-30T20:07:33 0.0 0.0 0.0 0.0 0.0 0.0 0.0
Calib 108 2021-11-30 True True FLAT "" True -596.52323555 True -596.52323555 True FEROS.2021-11-30T21:07:25.206 False ESO-2.2m FEROS 60.A-9700(A) 60.A-9700(A) Service CALIB ECHELLE False FLAT False 8.042 "" False "Calibration 1x1,normal" 100319512 nan True nan True 3 2021-11-30T20:53:01 2021-11-30T21:27:58 2 2021-11-30T20:57:03 2021-11-30T21:12:24 6 2021-11-30T20:07:25 2021-11-30T20:08:33 0.0 0.0 0.0 0.0 0.0 0.0 0.0
Calib 108 2021-11-30 True True FLAT "" True -596.52323555 True -596.52323555 True FEROS.2021-11-30T21:08:25.233 False ESO-2.2m FEROS 60.A-9700(A) 60.A-9700(A) Service CALIB ECHELLE False FLAT False 8.042 "" False "Calibration 1x1,normal" 100319512 nan True nan True 3 2021-11-30T20:53:01 2021-11-30T21:27:58 2 2021-11-30T20:57:03 2021-11-30T21:12:24 7 2021-11-30T20:08:25 2021-11-30T20:09:33 0.0 0.0 0.0 0.0 0.0 0.0 0.0
Calib 108 2021-11-30 True True FLAT "" True -596.52323555 True -596.52323555 True FEROS.2021-11-30T21:09:25.299 False ESO-2.2m FEROS 60.A-9700(A) 60.A-9700(A) Service CALIB ECHELLE False FLAT False 8.042 "" False "Calibration 1x1,normal" 100319512 nan True nan True 3 2021-11-30T20:53:01 2021-11-30T21:27:58 2 2021-11-30T20:57:03 2021-11-30T21:12:24 8 2021-11-30T20:09:25 2021-11-30T20:10:33 0.0 0.0 0.0 0.0 0.0 0.0 0.0
Calib 108 2021-11-30 True True FLAT "" True -596.52323555 True -596.52323555 True FEROS.2021-11-30T21:10:25.315 False ESO-2.2m FEROS 60.A-9700(A) 60.A-9700(A) Service CALIB ECHELLE False FLAT False 8.042 "" False "Calibration 1x1,normal" 100319512 nan True nan True 3 2021-11-30T20:53:01 2021-11-30T21:27:58 2 2021-11-30T20:57:03 2021-11-30T21:12:24 9 2021-11-30T20:10:25 2021-11-30T20:11:33 0.0 0.0 0.0 0.0 0.0 0.0 0.0
Calib 108 2021-11-30 True True FLAT "" True -596.52323555 True -596.52323555 True FEROS.2021-11-30T21:11:25.292 False ESO-2.2m FEROS 60.A-9700(A) 60.A-9700(A) Service CALIB ECHELLE False FLAT False 8.042 "" False "Calibration 1x1,normal" 100319512 nan True nan True 3 2021-11-30T20:53:01 2021-11-30T21:27:58 2 2021-11-30T20:57:03 2021-11-30T21:12:24 10 2021-11-30T20:11:25 2021-11-30T20:12:33 0.0 0.0 0.0 0.0 0.0 0.0 0.0
Calib 108 2021-11-30 True True WAVE "" True -596.52323555 True -596.52323555 True FEROS.2021-11-30T21:12:40.860 False ESO-2.2m FEROS 60.A-9700(A) 60.A-9700(A) Service CALIB ECHELLE False WAVE False 10.042 "" False "Calibration 1x1,normal" 100319512 nan True nan True 3 2021-11-30T20:53:01 2021-11-30T21:27:58 3 2021-11-30T21:12:24 2021-11-30T21:14:43 1 2021-11-30T20:12:40 2021-11-30T20:13:50 0.0 0.0 0.0 0.0 0.0 0.0 0.0
Calib 108 2021-11-30 True True WAVE "" True -596.52323555 True -596.52323555 True FEROS.2021-11-30T21:13:43.467 False ESO-2.2m FEROS 60.A-9700(A) 60.A-9700(A) Service CALIB ECHELLE False WAVE False 10.042 "" False "Calibration 1x1,normal" 100319512 nan True nan True 3 2021-11-30T20:53:01 2021-11-30T21:27:58 3 2021-11-30T21:12:24 2021-11-30T21:14:43 2 2021-11-30T20:13:43 2021-11-30T20:14:53 0.0 0.0 0.0 0.0 0.0 0.0 0.0
Calib 108 2021-11-30 True True WAVE "" True -596.52323555 True -596.52323555 True FEROS.2021-11-30T21:14:51.644 False ESO-2.2m FEROS 60.A-9700(A) 60.A-9700(A) Service CALIB ECHELLE False WAVE False 30.042 "" False "Calibration 1x1,normal" 100319512 nan True nan True 3 2021-11-30T20:53:01 2021-11-30T21:27:58 4 2021-11-30T21:14:43 2021-11-30T21:17:33 1 2021-11-30T20:14:51 2021-11-30T20:16:21 0.0 0.0 0.0 0.0 0.0 0.0 0.0
Calib 108 2021-11-30 True True WAVE "" True -596.52323555 True -596.52323555 True FEROS.2021-11-30T21:16:14.513 False ESO-2.2m FEROS 60.A-9700(A) 60.A-9700(A) Service CALIB ECHELLE False WAVE False 30.042 "" False "Calibration 1x1,normal" 100319512 nan True nan True 3 2021-11-30T20:53:01 2021-11-30T21:27:58 4 2021-11-30T21:14:43 2021-11-30T21:17:33 2 2021-11-30T20:16:14 2021-11-30T20:17:44 0.0 0.0 0.0 0.0 0.0 0.0 0.0
Calib 108 2021-11-30 True True WAVE "" True -596.52323555 True -596.52323555 True FEROS.2021-11-30T21:17:42.212 False ESO-2.2m FEROS 60.A-9700(A) 60.A-9700(A) Service CALIB ECHELLE False WAVE False 60.042 "" False "Calibration 1x1,normal" 100319512 nan True nan True 3 2021-11-30T20:53:01 2021-11-30T21:27:58 5 2021-11-30T21:17:33 2021-11-30T21:21:21 1 2021-11-30T20:17:42 2021-11-30T20:19:42 0.0 0.0 0.0 0.0 0.0 0.0 0.0
Calib 108 2021-11-30 True True WAVE "" True -596.52323555 True -596.52323555 True FEROS.2021-11-30T21:19:33.023 False ESO-2.2m FEROS 60.A-9700(A) 60.A-9700(A) Service CALIB ECHELLE False WAVE False 60.042 "" False "Calibration 1x1,normal" 100319512 nan True nan True 3 2021-11-30T20:53:01 2021-11-30T21:27:58 5 2021-11-30T21:17:33 2021-11-30T21:21:21 2 2021-11-30T20:19:33 2021-11-30T20:21:33 0.0 0.0 0.0 0.0 0.0 0.0 0.0
Calib 108 2021-11-30 True True WAVE "" True -596.52323555 True -596.52323555 True FEROS.2021-11-30T21:41:46.344 False ESO-2.2m FEROS 60.A-9700(A) 60.A-9700(A) Service CALIB ECHELLE False WAVE False 30.042 "" False "Calibration 1x1,normal" 100319512 nan True nan True 3 2021-11-30T20:53:01 2021-11-30T21:27:58 6 2021-11-30T21:21:21 2021-11-30T21:44:28 1 2021-11-30T20:41:46 2021-11-30T20:43:16 0.0 0.0 0.0 0.0 0.0 0.0 0.0
Calib 108 2021-11-30 True True WAVE "" True -596.52323555 True -596.52323555 True FEROS.2021-11-30T21:43:09.563 False ESO-2.2m FEROS 60.A-9700(A) 60.A-9700(A) Service CALIB ECHELLE False WAVE False 30.042 "" False "Calibration 1x1,normal" 100319512 nan True nan True 3 2021-11-30T20:53:01 2021-11-30T21:27:58 6 2021-11-30T21:21:21 2021-11-30T21:44:28 2 2021-11-30T20:43:09 2021-11-30T20:44:39 0.0 0.0 0.0 0.0 0.0 0.0 0.0
Calib 108 2021-11-30 True True WAVE "" True -596.52323555 True -596.52323555 True FEROS.2021-11-30T21:44:37.582 False ESO-2.2m FEROS 60.A-9700(A) 60.A-9700(A) Service CALIB ECHELLE False WAVE False 150.042 "" False "Calibration 1x1,normal" 100319512 nan True nan True 3 2021-11-30T20:53:01 2021-11-30T21:27:58 7 2021-11-30T21:44:28 2021-11-30T21:51:17 1 2021-11-30T20:44:37 2021-11-30T20:48:07 0.0 0.0 0.0 0.0 0.0 0.0 0.0
Calib 108 2021-11-30 True True WAVE "" True -596.52323555 True -596.52323555 True FEROS.2021-11-30T21:47:58.714 False ESO-2.2m FEROS 60.A-9700(A) 60.A-9700(A) Service CALIB ECHELLE False WAVE False 150.042 "" False "Calibration 1x1,normal" 100319512 nan True nan True 3 2021-11-30T20:53:01 2021-11-30T21:27:58 7 2021-11-30T21:44:28 2021-11-30T21:51:17 2 2021-11-30T20:47:58 2021-11-30T20:51:28 0.0 0.0 0.0 0.0 0.0 0.0 0.0
Calib 108 2021-11-30 True True WAVE "" True -596.52323555 True -596.52323555 True FEROS.2021-11-30T21:51:26.186 False ESO-2.2m FEROS 60.A-9700(A) 60.A-9700(A) Service CALIB ECHELLE False WAVE False 300.042 "" False "Calibration 1x1,normal" 100319512 nan True nan True 3 2021-11-30T20:53:01 2021-11-30T21:27:58 8 2021-11-30T21:51:17 2021-11-30T22:03:07 1 2021-11-30T20:51:26 2021-11-30T20:57:26 0.0 0.0 0.0 0.0 0.0 0.0 0.0
Calib 108 2021-11-30 True True WAVE "" True -596.52323555 True -596.52323555 True FEROS.2021-11-30T21:57:18.432 False ESO-2.2m FEROS 60.A-9700(A) 60.A-9700(A) Service CALIB ECHELLE False WAVE False 300.042 "" False "Calibration 1x1,normal" 100319512 nan True nan True 3 2021-11-30T20:53:01 2021-11-30T21:27:58 8 2021-11-30T21:51:17 2021-11-30T22:03:07 2 2021-11-30T20:57:18 2021-11-30T21:03:18 0.0 0.0 0.0 0.0 0.0 0.0 0.0
Calib 108 2021-11-30 True True WAVE "" True -596.52323555 True -596.52323555 True FEROS.2021-11-30T22:03:16.600 False ESO-2.2m FEROS 60.A-9700(A) 60.A-9700(A) Service CALIB ECHELLE False WAVE False 30.042 "" False "Calibration 1x1,normal" 100319512 nan True nan True 3 2021-11-30T20:53:01 2021-11-30T21:27:58 9 2021-11-30T22:03:07 2021-11-30T21:27:58 1 2021-11-30T21:03:16 2021-11-30T21:04:46 0.0 0.0 0.0 0.0 0.0 0.0 -0.0
Calib 108 2021-11-30 True True WAVE "" True -596.52323555 True -596.52323555 True FEROS.2021-11-30T22:04:39.539 False ESO-2.2m FEROS 60.A-9700(A) 60.A-9700(A) Service CALIB ECHELLE False WAVE False 30.042 "" False "Calibration 1x1,normal" 100319512 nan True nan True 3 2021-11-30T20:53:01 2021-11-30T21:27:58 9 2021-11-30T22:03:07 2021-11-30T21:27:58 2 2021-11-30T21:04:39 2021-11-30T21:06:09 0.0 0.0 0.0 0.0 0.0 0.0 -0.0
Calib 108 2021-11-30 True True WAVE "" True -596.52323555 True -596.52323555 True FEROS.2021-11-30T22:06:00.718 False ESO-2.2m FEROS 60.A-9700(A) 60.A-9700(A) Service CALIB ECHELLE False WAVE False 30.042 "" False "Calibration 1x1,normal" 100319512 nan True nan True 3 2021-11-30T20:53:01 2021-11-30T21:27:58 9 2021-11-30T22:03:07 2021-11-30T21:27:58 3 2021-11-30T21:06:00 2021-11-30T21:07:30 0.0 0.0 0.0 0.0 0.0 0.0 -0.0
Calib 108 2021-11-30 True True WAVE "" True -596.52323555 True -596.52323555 True FEROS.2021-11-30T22:07:23.476 False ESO-2.2m FEROS 60.A-9700(A) 60.A-9700(A) Service CALIB ECHELLE False WAVE False 30.042 "" False "Calibration 1x1,normal" 100319512 nan True nan True 3 2021-11-30T20:53:01 2021-11-30T21:27:58 9 2021-11-30T22:03:07 2021-11-30T21:27:58 4 2021-11-30T21:07:23 2021-11-30T21:08:53 0.0 0.0 0.0 0.0 0.0 0.0 -0.0
Calib 108 2021-11-30 True True WAVE "" True -596.52323555 True -596.52323555 True FEROS.2021-11-30T22:08:45.325 False ESO-2.2m FEROS 60.A-9700(A) 60.A-9700(A) Service CALIB ECHELLE False WAVE False 30.041 "" False "Calibration 1x1,normal" 100319512 nan True nan True 3 2021-11-30T20:53:01 2021-11-30T21:27:58 9 2021-11-30T22:03:07 2021-11-30T21:27:58 5 2021-11-30T21:08:45 2021-11-30T21:10:15 0.0 0.0 0.0 0.0 0.0 0.0 -0.0
Calib 108 2021-11-30 True True WAVE "" True -596.52323555 True -596.52323555 True FEROS.2021-11-30T22:10:05.733 False ESO-2.2m FEROS 60.A-9700(A) 60.A-9700(A) Service CALIB ECHELLE False WAVE False 30.041 "" False "Calibration 1x1,normal" 100319512 nan True nan True 3 2021-11-30T20:53:01 2021-11-30T21:27:58 9 2021-11-30T22:03:07 2021-11-30T21:27:58 6 2021-11-30T21:10:05 2021-11-30T21:11:35 0.0 0.0 0.0 0.0 0.0 0.0 -0.0
Calib 108 2021-11-30 True True WAVE "" True -596.52323555 True -596.52323555 True FEROS.2021-11-30T22:11:28.542 False ESO-2.2m FEROS 60.A-9700(A) 60.A-9700(A) Service CALIB ECHELLE False WAVE False 30.042 "" False "Calibration 1x1,normal" 100319512 nan True nan True 3 2021-11-30T20:53:01 2021-11-30T21:27:58 9 2021-11-30T22:03:07 2021-11-30T21:27:58 7 2021-11-30T21:11:28 2021-11-30T21:12:58 0.0 0.0 0.0 0.0 0.0 0.0 -0.0
Calib 108 2021-11-30 True True WAVE "" True -596.52323555 True -596.52323555 True FEROS.2021-11-30T22:12:51.161 False ESO-2.2m FEROS 60.A-9700(A) 60.A-9700(A) Service CALIB ECHELLE False WAVE False 30.041 "" False "Calibration 1x1,normal" 100319512 nan True nan True 3 2021-11-30T20:53:01 2021-11-30T21:27:58 9 2021-11-30T22:03:07 2021-11-30T21:27:58 8 2021-11-30T21:12:51 2021-11-30T21:14:21 0.0 0.0 0.0 0.0 0.0 0.0 -0.0
Calib 108 2021-11-30 True True WAVE "" True -596.52323555 True -596.52323555 True FEROS.2021-11-30T22:14:12.129 False ESO-2.2m FEROS 60.A-9700(A) 60.A-9700(A) Service CALIB ECHELLE False WAVE False 30.041 "" False "Calibration 1x1,normal" 100319512 nan True nan True 3 2021-11-30T20:53:01 2021-11-30T21:27:58 9 2021-11-30T22:03:07 2021-11-30T21:27:58 9 2021-11-30T21:14:12 2021-11-30T21:15:42 0.0 0.0 0.0 0.0 0.0 0.0 -0.0
Calib 108 2021-11-30 True True WAVE "" True -596.52323555 True -596.52323555 True FEROS.2021-11-30T22:15:34.628 False ESO-2.2m FEROS 60.A-9700(A) 60.A-9700(A) Service CALIB ECHELLE False WAVE False 30.041 "" False "Calibration 1x1,normal" 100319512 nan True nan True 3 2021-11-30T20:53:01 2021-11-30T21:27:58 9 2021-11-30T22:03:07 2021-11-30T21:27:58 10 2021-11-30T21:15:34 2021-11-30T21:17:04 0.0 0.0 0.0 0.0 0.0 0.0 -0.0
Calib 108 2021-11-30 True True WAVE "" True -596.52323555 True -596.52323555 True FEROS.2021-11-30T22:16:57.596 False ESO-2.2m FEROS 60.A-9700(A) 60.A-9700(A) Service CALIB ECHELLE False WAVE False 30.041 "" False "Calibration 1x1,normal" 100319512 nan True nan True 3 2021-11-30T20:53:01 2021-11-30T21:27:58 9 2021-11-30T22:03:07 2021-11-30T21:27:58 11 2021-11-30T21:16:57 2021-11-30T21:18:27 0.0 0.0 0.0 0.0 0.0 0.0 -0.0
Calib 108 2021-11-30 True True WAVE "" True -596.52323555 True -596.52323555 True FEROS.2021-11-30T22:18:18.775 False ESO-2.2m FEROS 60.A-9700(A) 60.A-9700(A) Service CALIB ECHELLE False WAVE False 30.042 "" False "Calibration 1x1,normal" 100319512 nan True nan True 3 2021-11-30T20:53:01 2021-11-30T21:27:58 9 2021-11-30T22:03:07 2021-11-30T21:27:58 12 2021-11-30T21:18:18 2021-11-30T21:19:48 0.0 0.0 0.0 0.0 0.0 0.0 -0.0
Calib 108 2021-11-30 True True WAVE "" True -596.52323555 True -596.52323555 True FEROS.2021-11-30T22:19:39.764 False ESO-2.2m FEROS 60.A-9700(A) 60.A-9700(A) Service CALIB ECHELLE False WAVE False 30.041 "" False "Calibration 1x1,normal" 100319512 nan True nan True 3 2021-11-30T20:53:01 2021-11-30T21:27:58 9 2021-11-30T22:03:07 2021-11-30T21:27:58 13 2021-11-30T21:19:39 2021-11-30T21:21:09 0.0 0.0 0.0 0.0 0.0 0.0 -0.0
Calib 108 2021-11-30 True True WAVE "" True -596.52323555 True -596.52323555 True FEROS.2021-11-30T22:21:02.593 False ESO-2.2m FEROS 60.A-9700(A) 60.A-9700(A) Service CALIB ECHELLE False WAVE False 30.042 "" False "Calibration 1x1,normal" 100319512 nan True nan True 3 2021-11-30T20:53:01 2021-11-30T21:27:58 9 2021-11-30T22:03:07 2021-11-30T21:27:58 14 2021-11-30T21:21:02 2021-11-30T21:22:32 0.0 0.0 0.0 0.0 0.0 0.0 -0.0
Calib 108 2021-11-30 True True WAVE "" True -596.52323555 True -596.52323555 True FEROS.2021-11-30T22:22:23.711 False ESO-2.2m FEROS 60.A-9700(A) 60.A-9700(A) Service CALIB ECHELLE False WAVE False 30.041 "" False "Calibration 1x1,normal" 100319512 nan True nan True 3 2021-11-30T20:53:01 2021-11-30T21:27:58 9 2021-11-30T22:03:07 2021-11-30T21:27:58 15 2021-11-30T21:22:23 2021-11-30T21:23:53 0.0 0.0 0.0 0.0 0.0 0.0 -0.0
Calib 108 2021-11-30 True True WAVE "" True -596.52323555 True -596.52323555 True FEROS.2021-11-30T22:23:44.779 False ESO-2.2m FEROS 60.A-9700(A) 60.A-9700(A) Service CALIB ECHELLE False WAVE False 30.041 "" False "Calibration 1x1,normal" 100319512 nan True nan True 3 2021-11-30T20:53:01 2021-11-30T21:27:58 9 2021-11-30T22:03:07 2021-11-30T21:27:58 16 2021-11-30T21:23:44 2021-11-30T21:25:14 0.0 0.0 0.0 0.0 0.0 0.0 -0.0
Calib 108 2021-11-30 True True WAVE "" True -596.52323555 True -596.52323555 True FEROS.2021-11-30T22:25:07.598 False ESO-2.2m FEROS 60.A-9700(A) 60.A-9700(A) Service CALIB ECHELLE False WAVE False 30.041 "" False "Calibration 1x1,normal" 100319512 nan True nan True 3 2021-11-30T20:53:01 2021-11-30T21:27:58 9 2021-11-30T22:03:07 2021-11-30T21:27:58 17 2021-11-30T21:25:07 2021-11-30T21:26:37 0.0 0.0 0.0 0.0 0.0 0.0 -0.0
Calib 108 2021-11-30 True True WAVE "" True -596.52323555 True -596.52323555 True FEROS.2021-11-30T22:26:28.717 False ESO-2.2m FEROS 60.A-9700(A) 60.A-9700(A) Service CALIB ECHELLE False WAVE False 30.041 "" False "Calibration 1x1,normal" 100319512 nan True nan True 3 2021-11-30T20:53:01 2021-11-30T21:27:58 9 2021-11-30T22:03:07 2021-11-30T21:27:58 18 2021-11-30T21:26:28 2021-11-30T21:27:58 0.0 0.0 0.0 0.0 0.0 0.0 -0.0
Calib 108 2021-11-30 True True BIAS "" True 123.86578194 True -29.16889 True WFI.2021-12-01T08:17:44.620 False ESO-2.2m WFI 60.A-9120(A) 60.A-9120(A) Service CALIB IMAGE False BIAS False 0.0 BB#RC/162_ESO844 False 002-DailyCalibTuesday 100185406 1.0 True 0.92 True 34 2021-12-01T08:17:36 2021-12-01T07:25:30 1 2021-12-01T08:17:36 2021-12-01T08:23:46 1 2021-12-01T07:17:44 2021-12-01T07:18:44 0.0 0.0 0.0 0.0 0.0 0.0 0.0
Calib 108 2021-11-30 True True BIAS "" True 124.016105 True -29.16863 True WFI.2021-12-01T08:18:21.124 False ESO-2.2m WFI 60.A-9120(A) 60.A-9120(A) Service CALIB IMAGE False BIAS False 0.0 BB#RC/162_ESO844 False 002-DailyCalibTuesday 100185406 1.0 True 0.92 True 34 2021-12-01T08:17:36 2021-12-01T07:25:30 1 2021-12-01T08:17:36 2021-12-01T08:23:46 2 2021-12-01T07:18:21 2021-12-01T07:19:21 0.0 0.0 0.0 0.0 0.0 0.0 0.0
Calib 108 2021-11-30 True True BIAS "" True 124.17477888 True -29.16835 True WFI.2021-12-01T08:18:58.078 False ESO-2.2m WFI 60.A-9120(A) 60.A-9120(A) Service CALIB IMAGE False BIAS False 0.0 BB#RC/162_ESO844 False 002-DailyCalibTuesday 100185406 1.0 True 0.92 True 34 2021-12-01T08:17:36 2021-12-01T07:25:30 1 2021-12-01T08:17:36 2021-12-01T08:23:46 3 2021-12-01T07:18:58 2021-12-01T07:19:58 0.0 0.0 0.0 0.0 0.0 0.0 0.0
Calib 108 2021-11-30 True True BIAS "" True 124.3251 True -29.1681 True WFI.2021-12-01T08:19:35.102 False ESO-2.2m WFI 60.A-9120(A) 60.A-9120(A) Service CALIB IMAGE False BIAS False 0.0 BB#RC/162_ESO844 False 002-DailyCalibTuesday 100185406 1.0 True 0.92 True 34 2021-12-01T08:17:36 2021-12-01T07:25:30 1 2021-12-01T08:17:36 2021-12-01T08:23:46 4 2021-12-01T07:19:35 2021-12-01T07:20:35 0.0 0.0 0.0 0.0 0.0 0.0 0.0
Calib 108 2021-11-30 True True BIAS "" True 124.48377305 True -29.16782 True WFI.2021-12-01T08:20:12.076 False ESO-2.2m WFI 60.A-9120(A) 60.A-9120(A) Service CALIB IMAGE False BIAS False 0.0 BB#RC/162_ESO844 False 002-DailyCalibTuesday 100185406 1.0 True 0.92 True 34 2021-12-01T08:17:36 2021-12-01T07:25:30 1 2021-12-01T08:17:36 2021-12-01T08:23:46 5 2021-12-01T07:20:12 2021-12-01T07:21:12 0.0 0.0 0.0 0.0 0.0 0.0 0.0
Calib 108 2021-11-30 True True BIAS "" True 124.63409388 True -29.16757 True WFI.2021-12-01T08:20:49.080 False ESO-2.2m WFI 60.A-9120(A) 60.A-9120(A) Service CALIB IMAGE False BIAS False 0.0 BB#RC/162_ESO844 False 002-DailyCalibTuesday 100185406 1.0 True 0.92 True 34 2021-12-01T08:17:36 2021-12-01T07:25:30 1 2021-12-01T08:17:36 2021-12-01T08:23:46 6 2021-12-01T07:20:49 2021-12-01T07:21:49 0.0 0.0 0.0 0.0 0.0 0.0 0.0
Calib 108 2021-11-30 True True BIAS "" True 124.79276611 True -29.1673 True WFI.2021-12-01T08:21:26.084 False ESO-2.2m WFI 60.A-9120(A) 60.A-9120(A) Service CALIB IMAGE False BIAS False 0.0 BB#RC/162_ESO844 False 002-DailyCalibTuesday 100185406 1.0 True 0.92 True 34 2021-12-01T08:17:36 2021-12-01T07:25:30 1 2021-12-01T08:17:36 2021-12-01T08:23:46 7 2021-12-01T07:21:26 2021-12-01T07:22:26 0.0 0.0 0.0 0.0 0.0 0.0 0.0
Calib 108 2021-11-30 True True BIAS "" True 124.94308694 True -29.16704 True WFI.2021-12-01T08:22:03.078 False ESO-2.2m WFI 60.A-9120(A) 60.A-9120(A) Service CALIB IMAGE False BIAS False 0.0 BB#RC/162_ESO844 False 002-DailyCalibTuesday 100185406 1.0 True 0.92 True 34 2021-12-01T08:17:36 2021-12-01T07:25:30 1 2021-12-01T08:17:36 2021-12-01T08:23:46 8 2021-12-01T07:22:03 2021-12-01T07:23:03 0.0 0.0 0.0 0.0 0.0 0.0 0.0
Calib 108 2021-11-30 True True BIAS "" True 125.10175805 True -29.16677 True WFI.2021-12-01T08:22:40.072 False ESO-2.2m WFI 60.A-9120(A) 60.A-9120(A) Service CALIB IMAGE False BIAS False 0.0 BB#RC/162_ESO844 False 002-DailyCalibTuesday 100185406 1.0 True 0.92 True 34 2021-12-01T08:17:36 2021-12-01T07:25:30 1 2021-12-01T08:17:36 2021-12-01T08:23:46 9 2021-12-01T07:22:40 2021-12-01T07:23:40 0.0 0.0 0.0 0.0 0.0 0.0 0.0
Calib 108 2021-11-30 True True BIAS "" True 125.25207805 True -29.16651 True WFI.2021-12-01T08:23:17.076 False ESO-2.2m WFI 60.A-9120(A) 60.A-9120(A) Service CALIB IMAGE False BIAS False 0.0 BB#RC/162_ESO844 False 002-DailyCalibTuesday 100185406 1.0 True 0.92 True 34 2021-12-01T08:17:36 2021-12-01T07:25:30 1 2021-12-01T08:17:36 2021-12-01T08:23:46 10 2021-12-01T07:23:17 2021-12-01T07:24:17 0.0 0.0 0.0 0.0 0.0 0.0 0.0
Calib 108 2021-11-30 True True BIAS "" True 125.41074805 True -29.16624 True WFI.2021-12-01T08:23:54.131 False ESO-2.2m WFI 60.A-9120(A) 60.A-9120(A) Service CALIB IMAGE False BIAS False 0.0 BB#RC/162_ESO844 False 002-DailyCalibTuesday 100185406 1.0 True 0.92 True 34 2021-12-01T08:17:36 2021-12-01T07:25:30 2 2021-12-01T08:23:46 2021-12-01T07:25:30 1 2021-12-01T07:23:54 2021-12-01T07:24:54 0.0 0.0 0.0 0.0 0.0 0.0 -0.0
Calib 108 2021-11-30 True True BIAS "" True 125.56106694 True -29.16599 True WFI.2021-12-01T08:24:30.795 False ESO-2.2m WFI 60.A-9120(A) 60.A-9120(A) Service CALIB IMAGE False BIAS False 0.0 BB#RC/162_ESO844 False 002-DailyCalibTuesday 100185406 1.0 True 0.92 True 34 2021-12-01T08:17:36 2021-12-01T07:25:30 2 2021-12-01T08:23:46 2021-12-01T07:25:30 2 2021-12-01T07:24:30 2021-12-01T07:25:30 0.0 0.0 0.0 0.0 0.0 0.0 -0.0
Calib 108 2021-11-30 True True BIAS "" True -596.52323555 True -596.52323555 True GROND.2021-12-01T08:18:00.764 False ESO-2.2m GROND 60.A-9080(A) 0108.A-9099(A) Service CALIB IMAGE False BIAS False 0.0 G,R,I,Z False "Daytime calib slow readout" -1 nan True nan True 35 2021-12-01T08:17:47 2021-12-01T08:49:40 1 2021-12-01T08:17:47 2021-12-01T08:23:57 1 2021-12-01T07:18:00 2021-12-01T07:19:00 0.0 0.0 0.0 0.0 0.0 0.0 0.0
Calib 108 2021-11-30 True True BIAS "" True -596.52323555 True -596.52323555 True GROND.2021-12-01T08:18:54.915 False ESO-2.2m GROND 60.A-9080(A) 0108.A-9099(A) Service CALIB IMAGE False BIAS False 0.0 G,R,I,Z False "Daytime calib slow readout" -1 nan True nan True 35 2021-12-01T08:17:47 2021-12-01T08:49:40 1 2021-12-01T08:17:47 2021-12-01T08:23:57 2 2021-12-01T07:18:54 2021-12-01T07:19:54 0.0 0.0 0.0 0.0 0.0 0.0 0.0
Calib 108 2021-11-30 True True BIAS "" True -596.52323555 True -596.52323555 True GROND.2021-12-01T08:19:48.825 False ESO-2.2m GROND 60.A-9080(A) 0108.A-9099(A) Service CALIB IMAGE False BIAS False 0.0 G,R,I,Z False "Daytime calib slow readout" -1 nan True nan True 35 2021-12-01T08:17:47 2021-12-01T08:49:40 1 2021-12-01T08:17:47 2021-12-01T08:23:57 3 2021-12-01T07:19:48 2021-12-01T07:20:48 0.0 0.0 0.0 0.0 0.0 0.0 0.0
Calib 108 2021-11-30 True True BIAS "" True -596.52323555 True -596.52323555 True GROND.2021-12-01T08:20:42.815 False ESO-2.2m GROND 60.A-9080(A) 0108.A-9099(A) Service CALIB IMAGE False BIAS False 0.0 G,R,I,Z False "Daytime calib slow readout" -1 nan True nan True 35 2021-12-01T08:17:47 2021-12-01T08:49:40 1 2021-12-01T08:17:47 2021-12-01T08:23:57 4 2021-12-01T07:20:42 2021-12-01T07:21:42 0.0 0.0 0.0 0.0 0.0 0.0 0.0
Calib 108 2021-11-30 True True BIAS "" True -596.52323555 True -596.52323555 True GROND.2021-12-01T08:21:36.795 False ESO-2.2m GROND 60.A-9080(A) 0108.A-9099(A) Service CALIB IMAGE False BIAS False 0.0 G,R,I,Z False "Daytime calib slow readout" -1 nan True nan True 35 2021-12-01T08:17:47 2021-12-01T08:49:40 1 2021-12-01T08:17:47 2021-12-01T08:23:57 5 2021-12-01T07:21:36 2021-12-01T07:22:36 0.0 0.0 0.0 0.0 0.0 0.0 0.0
Calib 108 2021-11-30 True True BIAS "" True -596.52323555 True -596.52323555 True GROND.2021-12-01T08:22:30.806 False ESO-2.2m GROND 60.A-9080(A) 0108.A-9099(A) Service CALIB IMAGE False BIAS False 0.0 G,R,I,Z False "Daytime calib slow readout" -1 nan True nan True 35 2021-12-01T08:17:47 2021-12-01T08:49:40 1 2021-12-01T08:17:47 2021-12-01T08:23:57 6 2021-12-01T07:22:30 2021-12-01T07:23:30 0.0 0.0 0.0 0.0 0.0 0.0 0.0
Calib 108 2021-11-30 True True BIAS "" True -596.52323555 True -596.52323555 True GROND.2021-12-01T08:22:48.823 False ESO-2.2m GROND 60.A-9080(A) 0108.A-9099(A) Service CALIB IMAGE False BIAS False 0.0 G,R,I,Z False "Daytime calib slow readout" -1 nan True nan True 35 2021-12-01T08:17:47 2021-12-01T08:49:40 1 2021-12-01T08:17:47 2021-12-01T08:23:57 7 2021-12-01T07:22:48 2021-12-01T07:23:48 0.0 0.0 0.0 0.0 0.0 0.0 0.0
Calib 108 2021-11-30 True True BIAS "" True -596.52323555 True -596.52323555 True GROND.2021-12-01T08:23:06.980 False ESO-2.2m GROND 60.A-9080(A) 0108.A-9099(A) Service CALIB IMAGE False BIAS False 0.0 G,R,I,Z False "Daytime calib slow readout" -1 nan True nan True 35 2021-12-01T08:17:47 2021-12-01T08:49:40 1 2021-12-01T08:17:47 2021-12-01T08:23:57 8 2021-12-01T07:23:06 2021-12-01T07:24:06 0.0 0.0 0.0 0.0 0.0 0.0 0.0
Calib 108 2021-11-30 True True BIAS "" True -596.52323555 True -596.52323555 True GROND.2021-12-01T08:23:24.816 False ESO-2.2m GROND 60.A-9080(A) 0108.A-9099(A) Service CALIB IMAGE False BIAS False 0.0 G,R,I,Z False "Daytime calib slow readout" -1 nan True nan True 35 2021-12-01T08:17:47 2021-12-01T08:49:40 1 2021-12-01T08:17:47 2021-12-01T08:23:57 9 2021-12-01T07:23:24 2021-12-01T07:24:24 0.0 0.0 0.0 0.0 0.0 0.0 0.0
Calib 108 2021-11-30 True True BIAS "" True -596.52323555 True -596.52323555 True GROND.2021-12-01T08:23:42.813 False ESO-2.2m GROND 60.A-9080(A) 0108.A-9099(A) Service CALIB IMAGE False BIAS False 0.0 G,R,I,Z False "Daytime calib slow readout" -1 nan True nan True 35 2021-12-01T08:17:47 2021-12-01T08:49:40 1 2021-12-01T08:17:47 2021-12-01T08:23:57 10 2021-12-01T07:23:42 2021-12-01T07:24:42 0.0 0.0 0.0 0.0 0.0 0.0 0.0
Calib 108 2021-11-30 True True DARK "" True -596.52323555 True -596.52323555 True GROND.2021-12-01T08:24:05.678 False ESO-2.2m GROND 60.A-9080(A) 0108.A-9099(A) Service CALIB IMAGE False DARK False 10.0 J,H,K False "Daytime calib slow readout" -1 nan True nan True 35 2021-12-01T08:17:47 2021-12-01T08:49:40 2 2021-12-01T08:23:57 2021-12-01T09:28:48 1 2021-12-01T07:24:05 2021-12-01T07:24:25 0.0 0.0 0.0 0.0 0.0 0.0 0.0
Calib 108 2021-11-30 True True DARK "" True -596.52323555 True -596.52323555 True GROND.2021-12-01T08:25:08.160 False ESO-2.2m GROND 60.A-9080(A) 0108.A-9099(A) Service CALIB IMAGE False DARK False 10.0 J,H,K False "Daytime calib slow readout" -1 nan True nan True 35 2021-12-01T08:17:47 2021-12-01T08:49:40 2 2021-12-01T08:23:57 2021-12-01T09:28:48 2 2021-12-01T07:25:08 2021-12-01T07:25:28 0.0 0.0 0.0 0.0 0.0 0.0 0.0
Calib 108 2021-11-30 True True DARK "" True -596.52323555 True -596.52323555 True GROND.2021-12-01T08:26:10.642 False ESO-2.2m GROND 60.A-9080(A) 0108.A-9099(A) Service CALIB IMAGE False DARK False 10.0 J,H,K False "Daytime calib slow readout" -1 nan True nan True 35 2021-12-01T08:17:47 2021-12-01T08:49:40 2 2021-12-01T08:23:57 2021-12-01T09:28:48 3 2021-12-01T07:26:10 2021-12-01T07:26:30 0.0 0.0 0.0 0.0 0.0 0.0 0.0
Calib 108 2021-11-30 True True DARK "" True -596.52323555 True -596.52323555 True GROND.2021-12-01T08:27:13.124 False ESO-2.2m GROND 60.A-9080(A) 0108.A-9099(A) Service CALIB IMAGE False DARK False 10.0 J,H,K False "Daytime calib slow readout" -1 nan True nan True 35 2021-12-01T08:17:47 2021-12-01T08:49:40 2 2021-12-01T08:23:57 2021-12-01T09:28:48 4 2021-12-01T07:27:13 2021-12-01T07:27:33 0.0 0.0 0.0 0.0 0.0 0.0 0.0
Calib 108 2021-11-30 True True DARK "" True -596.52323555 True -596.52323555 True GROND.2021-12-01T08:28:15.606 False ESO-2.2m GROND 60.A-9080(A) 0108.A-9099(A) Service CALIB IMAGE False DARK False 10.0 J,H,K False "Daytime calib slow readout" -1 nan True nan True 35 2021-12-01T08:17:47 2021-12-01T08:49:40 2 2021-12-01T08:23:57 2021-12-01T09:28:48 5 2021-12-01T07:28:15 2021-12-01T07:28:35 0.0 0.0 0.0 0.0 0.0 0.0 0.0
Calib 108 2021-11-30 True True DARK "" True -596.52323555 True -596.52323555 True GROND.2021-12-01T08:29:18.089 False ESO-2.2m GROND 60.A-9080(A) 0108.A-9099(A) Service CALIB IMAGE False DARK False 10.0 J,H,K False "Daytime calib slow readout" -1 nan True nan True 35 2021-12-01T08:17:47 2021-12-01T08:49:40 2 2021-12-01T08:23:57 2021-12-01T09:28:48 6 2021-12-01T07:29:18 2021-12-01T07:29:38 0.0 0.0 0.0 0.0 0.0 0.0 0.0
Calib 108 2021-11-30 True True DARK "" True -596.52323555 True -596.52323555 True GROND.2021-12-01T08:30:20.570 False ESO-2.2m GROND 60.A-9080(A) 0108.A-9099(A) Service CALIB IMAGE False DARK False 10.0 J,H,K False "Daytime calib slow readout" -1 nan True nan True 35 2021-12-01T08:17:47 2021-12-01T08:49:40 2 2021-12-01T08:23:57 2021-12-01T09:28:48 7 2021-12-01T07:30:20 2021-12-01T07:30:40 0.0 0.0 0.0 0.0 0.0 0.0 0.0
Calib 108 2021-11-30 True True DARK "" True -596.52323555 True -596.52323555 True GROND.2021-12-01T08:31:23.051 False ESO-2.2m GROND 60.A-9080(A) 0108.A-9099(A) Service CALIB IMAGE False DARK False 10.0 J,H,K False "Daytime calib slow readout" -1 nan True nan True 35 2021-12-01T08:17:47 2021-12-01T08:49:40 2 2021-12-01T08:23:57 2021-12-01T09:28:48 8 2021-12-01T07:31:23 2021-12-01T07:31:43 0.0 0.0 0.0 0.0 0.0 0.0 0.0
Calib 108 2021-11-30 True True DARK "" True -596.52323555 True -596.52323555 True GROND.2021-12-01T08:32:25.533 False ESO-2.2m GROND 60.A-9080(A) 0108.A-9099(A) Service CALIB IMAGE False DARK False 10.0 J,H,K False "Daytime calib slow readout" -1 nan True nan True 35 2021-12-01T08:17:47 2021-12-01T08:49:40 2 2021-12-01T08:23:57 2021-12-01T09:28:48 9 2021-12-01T07:32:25 2021-12-01T07:32:45 0.0 0.0 0.0 0.0 0.0 0.0 0.0
Calib 108 2021-11-30 True True DARK "" True -596.52323555 True -596.52323555 True GROND.2021-12-01T08:33:28.014 False ESO-2.2m GROND 60.A-9080(A) 0108.A-9099(A) Service CALIB IMAGE False DARK False 10.0 J,H,K False "Daytime calib slow readout" -1 nan True nan True 35 2021-12-01T08:17:47 2021-12-01T08:49:40 2 2021-12-01T08:23:57 2021-12-01T09:28:48 10 2021-12-01T07:33:28 2021-12-01T07:33:48 0.0 0.0 0.0 0.0 0.0 0.0 0.0
Calib 108 2021-11-30 True True DARK "" True -596.52323555 True -596.52323555 True GROND.2021-12-01T08:34:33.087 False ESO-2.2m GROND 60.A-9080(A) 0108.A-9099(A) Service CALIB IMAGE False DARK False 600.005 G,R,I,Z False "Daytime calib slow readout" -1 nan True nan True 35 2021-12-01T08:17:47 2021-12-01T08:49:40 2 2021-12-01T08:23:57 2021-12-01T09:28:48 11 2021-12-01T07:34:33 2021-12-01T07:45:33 0.0 0.0 0.0 0.0 0.0 0.0 0.0
Calib 108 2021-11-30 True True DARK "" True -596.52323555 True -596.52323555 True GROND.2021-12-01T08:45:24.813 False ESO-2.2m GROND 60.A-9080(A) 0108.A-9099(A) Service CALIB IMAGE False DARK False 600.005 G,R,I,Z False "Daytime calib slow readout" -1 nan True nan True 35 2021-12-01T08:17:47 2021-12-01T08:49:40 2 2021-12-01T08:23:57 2021-12-01T09:28:48 12 2021-12-01T07:45:24 2021-12-01T07:56:24 0.0 0.0 0.0 0.0 0.0 0.0 0.0
Calib 108 2021-11-30 True True DARK "" True -596.52323555 True -596.52323555 True GROND.2021-12-01T08:56:16.819 False ESO-2.2m GROND 60.A-9080(A) 0108.A-9099(A) Service CALIB IMAGE False DARK False 600.005 G,R,I,Z False "Daytime calib slow readout" -1 nan True nan True 35 2021-12-01T08:17:47 2021-12-01T08:49:40 2 2021-12-01T08:23:57 2021-12-01T09:28:48 13 2021-12-01T07:56:16 2021-12-01T08:07:16 0.0 0.0 0.0 0.0 0.0 0.0 0.0
Calib 108 2021-11-30 True True DARK "" True -596.52323555 True -596.52323555 True GROND.2021-12-01T09:07:08.854 False ESO-2.2m GROND 60.A-9080(A) 0108.A-9099(A) Service CALIB IMAGE False DARK False 600.005 G,R,I,Z False "Daytime calib slow readout" -1 nan True nan True 35 2021-12-01T08:17:47 2021-12-01T08:49:40 2 2021-12-01T08:23:57 2021-12-01T09:28:48 14 2021-12-01T08:07:08 2021-12-01T08:18:08 0.0 0.0 0.0 0.0 0.0 0.0 0.0
Calib 108 2021-11-30 True True DARK "" True -596.52323555 True -596.52323555 True GROND.2021-12-01T09:18:00.790 False ESO-2.2m GROND 60.A-9080(A) 0108.A-9099(A) Service CALIB IMAGE False DARK False 600.005 G,R,I,Z False "Daytime calib slow readout" -1 nan True nan True 35 2021-12-01T08:17:47 2021-12-01T08:49:40 2 2021-12-01T08:23:57 2021-12-01T09:28:48 15 2021-12-01T08:18:00 2021-12-01T08:29:00 0.0 0.0 0.0 0.0 0.0 0.0 0.0
Calib 108 2021-11-30 True True DARK "" True -596.52323555 True -596.52323555 True GROND.2021-12-01T09:28:51.453 False ESO-2.2m GROND 60.A-9080(A) 0108.A-9099(A) Service CALIB IMAGE False DARK False 3.0 J,H,K False "Daytime calib slow readout" -1 nan True nan True 35 2021-12-01T08:17:47 2021-12-01T08:49:40 3 2021-12-01T09:28:48 2021-12-01T09:33:25 1 2021-12-01T08:28:51 2021-12-01T08:29:04 0.0 0.0 0.0 0.0 0.0 0.0 0.0
Calib 108 2021-11-30 True True DARK "" True -596.52323555 True -596.52323555 True GROND.2021-12-01T09:29:18.936 False ESO-2.2m GROND 60.A-9080(A) 0108.A-9099(A) Service CALIB IMAGE False DARK False 3.0 J,H,K False "Daytime calib slow readout" -1 nan True nan True 35 2021-12-01T08:17:47 2021-12-01T08:49:40 3 2021-12-01T09:28:48 2021-12-01T09:33:25 2 2021-12-01T08:29:18 2021-12-01T08:29:31 0.0 0.0 0.0 0.0 0.0 0.0 0.0
Calib 108 2021-11-30 True True DARK "" True -596.52323555 True -596.52323555 True GROND.2021-12-01T09:29:46.418 False ESO-2.2m GROND 60.A-9080(A) 0108.A-9099(A) Service CALIB IMAGE False DARK False 3.0 J,H,K False "Daytime calib slow readout" -1 nan True nan True 35 2021-12-01T08:17:47 2021-12-01T08:49:40 3 2021-12-01T09:28:48 2021-12-01T09:33:25 3 2021-12-01T08:29:46 2021-12-01T08:29:59 0.0 0.0 0.0 0.0 0.0 0.0 0.0
Calib 108 2021-11-30 True True DARK "" True -596.52323555 True -596.52323555 True GROND.2021-12-01T09:30:13.912 False ESO-2.2m GROND 60.A-9080(A) 0108.A-9099(A) Service CALIB IMAGE False DARK False 3.0 J,H,K False "Daytime calib slow readout" -1 nan True nan True 35 2021-12-01T08:17:47 2021-12-01T08:49:40 3 2021-12-01T09:28:48 2021-12-01T09:33:25 4 2021-12-01T08:30:13 2021-12-01T08:30:26 0.0 0.0 0.0 0.0 0.0 0.0 0.0
Calib 108 2021-11-30 True True DARK "" True -596.52323555 True -596.52323555 True GROND.2021-12-01T09:30:41.422 False ESO-2.2m GROND 60.A-9080(A) 0108.A-9099(A) Service CALIB IMAGE False DARK False 3.0 J,H,K False "Daytime calib slow readout" -1 nan True nan True 35 2021-12-01T08:17:47 2021-12-01T08:49:40 3 2021-12-01T09:28:48 2021-12-01T09:33:25 5 2021-12-01T08:30:41 2021-12-01T08:30:54 0.0 0.0 0.0 0.0 0.0 0.0 0.0
Calib 108 2021-11-30 True True DARK "" True -596.52323555 True -596.52323555 True GROND.2021-12-01T09:31:08.905 False ESO-2.2m GROND 60.A-9080(A) 0108.A-9099(A) Service CALIB IMAGE False DARK False 3.0 J,H,K False "Daytime calib slow readout" -1 nan True nan True 35 2021-12-01T08:17:47 2021-12-01T08:49:40 3 2021-12-01T09:28:48 2021-12-01T09:33:25 6 2021-12-01T08:31:08 2021-12-01T08:31:21 0.0 0.0 0.0 0.0 0.0 0.0 0.0
Calib 108 2021-11-30 True True DARK "" True -596.52323555 True -596.52323555 True GROND.2021-12-01T09:31:36.386 False ESO-2.2m GROND 60.A-9080(A) 0108.A-9099(A) Service CALIB IMAGE False DARK False 3.0 J,H,K False "Daytime calib slow readout" -1 nan True nan True 35 2021-12-01T08:17:47 2021-12-01T08:49:40 3 2021-12-01T09:28:48 2021-12-01T09:33:25 7 2021-12-01T08:31:36 2021-12-01T08:31:49 0.0 0.0 0.0 0.0 0.0 0.0 0.0
Calib 108 2021-11-30 True True DARK "" True -596.52323555 True -596.52323555 True GROND.2021-12-01T09:32:03.867 False ESO-2.2m GROND 60.A-9080(A) 0108.A-9099(A) Service CALIB IMAGE False DARK False 3.0 J,H,K False "Daytime calib slow readout" -1 nan True nan True 35 2021-12-01T08:17:47 2021-12-01T08:49:40 3 2021-12-01T09:28:48 2021-12-01T09:33:25 8 2021-12-01T08:32:03 2021-12-01T08:32:16 0.0 0.0 0.0 0.0 0.0 0.0 0.0
Calib 108 2021-11-30 True True DARK "" True -596.52323555 True -596.52323555 True GROND.2021-12-01T09:32:31.350 False ESO-2.2m GROND 60.A-9080(A) 0108.A-9099(A) Service CALIB IMAGE False DARK False 3.0 J,H,K False "Daytime calib slow readout" -1 nan True nan True 35 2021-12-01T08:17:47 2021-12-01T08:49:40 3 2021-12-01T09:28:48 2021-12-01T09:33:25 9 2021-12-01T08:32:31 2021-12-01T08:32:44 0.0 0.0 0.0 0.0 0.0 0.0 0.0
Calib 108 2021-11-30 True True DARK "" True -596.52323555 True -596.52323555 True GROND.2021-12-01T09:32:58.831 False ESO-2.2m GROND 60.A-9080(A) 0108.A-9099(A) Service CALIB IMAGE False DARK False 3.0 J,H,K False "Daytime calib slow readout" -1 nan True nan True 35 2021-12-01T08:17:47 2021-12-01T08:49:40 3 2021-12-01T09:28:48 2021-12-01T09:33:25 10 2021-12-01T08:32:58 2021-12-01T08:33:11 0.0 0.0 0.0 0.0 0.0 0.0 0.0
Calib 108 2021-11-30 True True DARK "" True -596.52323555 True -596.52323555 True GROND.2021-12-01T09:33:28.536 False ESO-2.2m GROND 60.A-9080(A) 0108.A-9099(A) Service CALIB IMAGE False DARK False 6.0 J,H,K False "Daytime calib slow readout" -1 nan True nan True 35 2021-12-01T08:17:47 2021-12-01T08:49:40 4 2021-12-01T09:33:25 2021-12-01T09:40:32 1 2021-12-01T08:33:28 2021-12-01T08:33:44 0.0 0.0 0.0 0.0 0.0 0.0 0.0
Calib 108 2021-11-30 True True DARK "" True -596.52323555 True -596.52323555 True GROND.2021-12-01T09:34:11.018 False ESO-2.2m GROND 60.A-9080(A) 0108.A-9099(A) Service CALIB IMAGE False DARK False 6.0 J,H,K False "Daytime calib slow readout" -1 nan True nan True 35 2021-12-01T08:17:47 2021-12-01T08:49:40 4 2021-12-01T09:33:25 2021-12-01T09:40:32 2 2021-12-01T08:34:11 2021-12-01T08:34:27 0.0 0.0 0.0 0.0 0.0 0.0 0.0
Calib 108 2021-11-30 True True DARK "" True -596.52323555 True -596.52323555 True GROND.2021-12-01T09:34:53.500 False ESO-2.2m GROND 60.A-9080(A) 0108.A-9099(A) Service CALIB IMAGE False DARK False 6.0 J,H,K False "Daytime calib slow readout" -1 nan True nan True 35 2021-12-01T08:17:47 2021-12-01T08:49:40 4 2021-12-01T09:33:25 2021-12-01T09:40:32 3 2021-12-01T08:34:53 2021-12-01T08:35:09 0.0 0.0 0.0 0.0 0.0 0.0 0.0
Calib 108 2021-11-30 True True DARK "" True -596.52323555 True -596.52323555 True GROND.2021-12-01T09:35:35.983 False ESO-2.2m GROND 60.A-9080(A) 0108.A-9099(A) Service CALIB IMAGE False DARK False 6.0 J,H,K False "Daytime calib slow readout" -1 nan True nan True 35 2021-12-01T08:17:47 2021-12-01T08:49:40 4 2021-12-01T09:33:25 2021-12-01T09:40:32 4 2021-12-01T08:35:35 2021-12-01T08:35:51 0.0 0.0 0.0 0.0 0.0 0.0 0.0
Calib 108 2021-11-30 True True DARK "" True -596.52323555 True -596.52323555 True GROND.2021-12-01T09:36:18.465 False ESO-2.2m GROND 60.A-9080(A) 0108.A-9099(A) Service CALIB IMAGE False DARK False 6.0 J,H,K False "Daytime calib slow readout" -1 nan True nan True 35 2021-12-01T08:17:47 2021-12-01T08:49:40 4 2021-12-01T09:33:25 2021-12-01T09:40:32 5 2021-12-01T08:36:18 2021-12-01T08:36:34 0.0 0.0 0.0 0.0 0.0 0.0 0.0
Calib 108 2021-11-30 True True DARK "" True -596.52323555 True -596.52323555 True GROND.2021-12-01T09:37:00.948 False ESO-2.2m GROND 60.A-9080(A) 0108.A-9099(A) Service CALIB IMAGE False DARK False 6.0 J,H,K False "Daytime calib slow readout" -1 nan True nan True 35 2021-12-01T08:17:47 2021-12-01T08:49:40 4 2021-12-01T09:33:25 2021-12-01T09:40:32 6 2021-12-01T08:37:00 2021-12-01T08:37:16 0.0 0.0 0.0 0.0 0.0 0.0 0.0
Calib 108 2021-11-30 True True DARK "" True -596.52323555 True -596.52323555 True GROND.2021-12-01T09:37:43.429 False ESO-2.2m GROND 60.A-9080(A) 0108.A-9099(A) Service CALIB IMAGE False DARK False 6.0 J,H,K False "Daytime calib slow readout" -1 nan True nan True 35 2021-12-01T08:17:47 2021-12-01T08:49:40 4 2021-12-01T09:33:25 2021-12-01T09:40:32 7 2021-12-01T08:37:43 2021-12-01T08:37:59 0.0 0.0 0.0 0.0 0.0 0.0 0.0
Calib 108 2021-11-30 True True DARK "" True -596.52323555 True -596.52323555 True GROND.2021-12-01T09:38:25.911 False ESO-2.2m GROND 60.A-9080(A) 0108.A-9099(A) Service CALIB IMAGE False DARK False 6.0 J,H,K False "Daytime calib slow readout" -1 nan True nan True 35 2021-12-01T08:17:47 2021-12-01T08:49:40 4 2021-12-01T09:33:25 2021-12-01T09:40:32 8 2021-12-01T08:38:25 2021-12-01T08:38:41 0.0 0.0 0.0 0.0 0.0 0.0 0.0
Calib 108 2021-11-30 True True DARK "" True -596.52323555 True -596.52323555 True GROND.2021-12-01T09:39:08.393 False ESO-2.2m GROND 60.A-9080(A) 0108.A-9099(A) Service CALIB IMAGE False DARK False 6.0 J,H,K False "Daytime calib slow readout" -1 nan True nan True 35 2021-12-01T08:17:47 2021-12-01T08:49:40 4 2021-12-01T09:33:25 2021-12-01T09:40:32 9 2021-12-01T08:39:08 2021-12-01T08:39:24 0.0 0.0 0.0 0.0 0.0 0.0 0.0
Calib 108 2021-11-30 True True DARK "" True -596.52323555 True -596.52323555 True GROND.2021-12-01T09:39:50.877 False ESO-2.2m GROND 60.A-9080(A) 0108.A-9099(A) Service CALIB IMAGE False DARK False 6.0 J,H,K False "Daytime calib slow readout" -1 nan True nan True 35 2021-12-01T08:17:47 2021-12-01T08:49:40 4 2021-12-01T09:33:25 2021-12-01T09:40:32 10 2021-12-01T08:39:50 2021-12-01T08:40:06 0.0 0.0 0.0 0.0 0.0 0.0 0.0
Calib 108 2021-11-30 True True DARK "" True -596.52323555 True -596.52323555 True GROND.2021-12-01T09:40:39.274 False ESO-2.2m GROND 60.A-9080(A) 0108.A-9099(A) Service CALIB IMAGE False DARK False 4.0 J,H,K False "Daytime calib slow readout" -1 nan True nan True 35 2021-12-01T08:17:47 2021-12-01T08:49:40 5 2021-12-01T09:40:32 2021-12-01T09:46:03 1 2021-12-01T08:40:39 2021-12-01T08:40:53 0.0 0.0 0.0 0.0 0.0 0.0 0.0
Calib 108 2021-11-30 True True DARK "" True -596.52323555 True -596.52323555 True GROND.2021-12-01T09:41:11.756 False ESO-2.2m GROND 60.A-9080(A) 0108.A-9099(A) Service CALIB IMAGE False DARK False 4.0 J,H,K False "Daytime calib slow readout" -1 nan True nan True 35 2021-12-01T08:17:47 2021-12-01T08:49:40 5 2021-12-01T09:40:32 2021-12-01T09:46:03 2 2021-12-01T08:41:11 2021-12-01T08:41:25 0.0 0.0 0.0 0.0 0.0 0.0 0.0
Calib 108 2021-11-30 True True DARK "" True -596.52323555 True -596.52323555 True GROND.2021-12-01T09:41:44.237 False ESO-2.2m GROND 60.A-9080(A) 0108.A-9099(A) Service CALIB IMAGE False DARK False 4.0 J,H,K False "Daytime calib slow readout" -1 nan True nan True 35 2021-12-01T08:17:47 2021-12-01T08:49:40 5 2021-12-01T09:40:32 2021-12-01T09:46:03 3 2021-12-01T08:41:44 2021-12-01T08:41:58 0.0 0.0 0.0 0.0 0.0 0.0 0.0
Calib 108 2021-11-30 True True DARK "" True -596.52323555 True -596.52323555 True GROND.2021-12-01T09:42:16.720 False ESO-2.2m GROND 60.A-9080(A) 0108.A-9099(A) Service CALIB IMAGE False DARK False 4.0 J,H,K False "Daytime calib slow readout" -1 nan True nan True 35 2021-12-01T08:17:47 2021-12-01T08:49:40 5 2021-12-01T09:40:32 2021-12-01T09:46:03 4 2021-12-01T08:42:16 2021-12-01T08:42:30 0.0 0.0 0.0 0.0 0.0 0.0 0.0
Calib 108 2021-11-30 True True DARK "" True -596.52323555 True -596.52323555 True GROND.2021-12-01T09:42:49.202 False ESO-2.2m GROND 60.A-9080(A) 0108.A-9099(A) Service CALIB IMAGE False DARK False 4.0 J,H,K False "Daytime calib slow readout" -1 nan True nan True 35 2021-12-01T08:17:47 2021-12-01T08:49:40 5 2021-12-01T09:40:32 2021-12-01T09:46:03 5 2021-12-01T08:42:49 2021-12-01T08:43:03 0.0 0.0 0.0 0.0 0.0 0.0 0.0
Calib 108 2021-11-30 True True DARK "" True -596.52323555 True -596.52323555 True GROND.2021-12-01T09:43:21.685 False ESO-2.2m GROND 60.A-9080(A) 0108.A-9099(A) Service CALIB IMAGE False DARK False 4.0 J,H,K False "Daytime calib slow readout" -1 nan True nan True 35 2021-12-01T08:17:47 2021-12-01T08:49:40 5 2021-12-01T09:40:32 2021-12-01T09:46:03 6 2021-12-01T08:43:21 2021-12-01T08:43:35 0.0 0.0 0.0 0.0 0.0 0.0 0.0
Calib 108 2021-11-30 True True DARK "" True -596.52323555 True -596.52323555 True GROND.2021-12-01T09:43:54.167 False ESO-2.2m GROND 60.A-9080(A) 0108.A-9099(A) Service CALIB IMAGE False DARK False 4.0 J,H,K False "Daytime calib slow readout" -1 nan True nan True 35 2021-12-01T08:17:47 2021-12-01T08:49:40 5 2021-12-01T09:40:32 2021-12-01T09:46:03 7 2021-12-01T08:43:54 2021-12-01T08:44:08 0.0 0.0 0.0 0.0 0.0 0.0 0.0
Calib 108 2021-11-30 True True DARK "" True -596.52323555 True -596.52323555 True GROND.2021-12-01T09:44:26.648 False ESO-2.2m GROND 60.A-9080(A) 0108.A-9099(A) Service CALIB IMAGE False DARK False 4.0 J,H,K False "Daytime calib slow readout" -1 nan True nan True 35 2021-12-01T08:17:47 2021-12-01T08:49:40 5 2021-12-01T09:40:32 2021-12-01T09:46:03 8 2021-12-01T08:44:26 2021-12-01T08:44:40 0.0 0.0 0.0 0.0 0.0 0.0 0.0
Calib 108 2021-11-30 True True DARK "" True -596.52323555 True -596.52323555 True GROND.2021-12-01T09:44:59.131 False ESO-2.2m GROND 60.A-9080(A) 0108.A-9099(A) Service CALIB IMAGE False DARK False 4.0 J,H,K False "Daytime calib slow readout" -1 nan True nan True 35 2021-12-01T08:17:47 2021-12-01T08:49:40 5 2021-12-01T09:40:32 2021-12-01T09:46:03 9 2021-12-01T08:44:59 2021-12-01T08:45:13 0.0 0.0 0.0 0.0 0.0 0.0 0.0
Calib 108 2021-11-30 True True DARK "" True -596.52323555 True -596.52323555 True GROND.2021-12-01T09:45:31.614 False ESO-2.2m GROND 60.A-9080(A) 0108.A-9099(A) Service CALIB IMAGE False DARK False 4.0 J,H,K False "Daytime calib slow readout" -1 nan True nan True 35 2021-12-01T08:17:47 2021-12-01T08:49:40 5 2021-12-01T09:40:32 2021-12-01T09:46:03 10 2021-12-01T08:45:31 2021-12-01T08:45:45 0.0 0.0 0.0 0.0 0.0 0.0 0.0
Calib 108 2021-11-30 True True DARK "" True -596.52323555 True -596.52323555 True GROND.2021-12-01T09:46:06.315 False ESO-2.2m GROND 60.A-9080(A) 0108.A-9099(A) Service CALIB IMAGE False DARK False 2.0 J,H,K False "Daytime calib slow readout" -1 nan True nan True 35 2021-12-01T08:17:47 2021-12-01T08:49:40 6 2021-12-01T09:46:03 2021-12-01T08:49:40 1 2021-12-01T08:46:06 2021-12-01T08:46:18 0.0 0.0 0.0 0.0 0.0 0.0 -0.0
Calib 108 2021-11-30 True True DARK "" True -596.52323555 True -596.52323555 True GROND.2021-12-01T09:46:28.798 False ESO-2.2m GROND 60.A-9080(A) 0108.A-9099(A) Service CALIB IMAGE False DARK False 2.0 J,H,K False "Daytime calib slow readout" -1 nan True nan True 35 2021-12-01T08:17:47 2021-12-01T08:49:40 6 2021-12-01T09:46:03 2021-12-01T08:49:40 2 2021-12-01T08:46:28 2021-12-01T08:46:40 0.0 0.0 0.0 0.0 0.0 0.0 -0.0
Calib 108 2021-11-30 True True DARK "" True -596.52323555 True -596.52323555 True GROND.2021-12-01T09:46:51.282 False ESO-2.2m GROND 60.A-9080(A) 0108.A-9099(A) Service CALIB IMAGE False DARK False 2.0 J,H,K False "Daytime calib slow readout" -1 nan True nan True 35 2021-12-01T08:17:47 2021-12-01T08:49:40 6 2021-12-01T09:46:03 2021-12-01T08:49:40 3 2021-12-01T08:46:51 2021-12-01T08:47:03 0.0 0.0 0.0 0.0 0.0 0.0 -0.0
Calib 108 2021-11-30 True True DARK "" True -596.52323555 True -596.52323555 True GROND.2021-12-01T09:47:13.763 False ESO-2.2m GROND 60.A-9080(A) 0108.A-9099(A) Service CALIB IMAGE False DARK False 2.0 J,H,K False "Daytime calib slow readout" -1 nan True nan True 35 2021-12-01T08:17:47 2021-12-01T08:49:40 6 2021-12-01T09:46:03 2021-12-01T08:49:40 4 2021-12-01T08:47:13 2021-12-01T08:47:25 0.0 0.0 0.0 0.0 0.0 0.0 -0.0
Calib 108 2021-11-30 True True DARK "" True -596.52323555 True -596.52323555 True GROND.2021-12-01T09:47:36.243 False ESO-2.2m GROND 60.A-9080(A) 0108.A-9099(A) Service CALIB IMAGE False DARK False 2.0 J,H,K False "Daytime calib slow readout" -1 nan True nan True 35 2021-12-01T08:17:47 2021-12-01T08:49:40 6 2021-12-01T09:46:03 2021-12-01T08:49:40 5 2021-12-01T08:47:36 2021-12-01T08:47:48 0.0 0.0 0.0 0.0 0.0 0.0 -0.0
Calib 108 2021-11-30 True True DARK "" True -596.52323555 True -596.52323555 True GROND.2021-12-01T09:47:58.727 False ESO-2.2m GROND 60.A-9080(A) 0108.A-9099(A) Service CALIB IMAGE False DARK False 2.0 J,H,K False "Daytime calib slow readout" -1 nan True nan True 35 2021-12-01T08:17:47 2021-12-01T08:49:40 6 2021-12-01T09:46:03 2021-12-01T08:49:40 6 2021-12-01T08:47:58 2021-12-01T08:48:10 0.0 0.0 0.0 0.0 0.0 0.0 -0.0
Calib 108 2021-11-30 True True DARK "" True -596.52323555 True -596.52323555 True GROND.2021-12-01T09:48:21.207 False ESO-2.2m GROND 60.A-9080(A) 0108.A-9099(A) Service CALIB IMAGE False DARK False 2.0 J,H,K False "Daytime calib slow readout" -1 nan True nan True 35 2021-12-01T08:17:47 2021-12-01T08:49:40 6 2021-12-01T09:46:03 2021-12-01T08:49:40 7 2021-12-01T08:48:21 2021-12-01T08:48:33 0.0 0.0 0.0 0.0 0.0 0.0 -0.0
Calib 108 2021-11-30 True True DARK "" True -596.52323555 True -596.52323555 True GROND.2021-12-01T09:48:43.690 False ESO-2.2m GROND 60.A-9080(A) 0108.A-9099(A) Service CALIB IMAGE False DARK False 2.0 J,H,K False "Daytime calib slow readout" -1 nan True nan True 35 2021-12-01T08:17:47 2021-12-01T08:49:40 6 2021-12-01T09:46:03 2021-12-01T08:49:40 8 2021-12-01T08:48:43 2021-12-01T08:48:55 0.0 0.0 0.0 0.0 0.0 0.0 -0.0
Calib 108 2021-11-30 True True DARK "" True -596.52323555 True -596.52323555 True GROND.2021-12-01T09:49:06.173 False ESO-2.2m GROND 60.A-9080(A) 0108.A-9099(A) Service CALIB IMAGE False DARK False 2.0 J,H,K False "Daytime calib slow readout" -1 nan True nan True 35 2021-12-01T08:17:47 2021-12-01T08:49:40 6 2021-12-01T09:46:03 2021-12-01T08:49:40 9 2021-12-01T08:49:06 2021-12-01T08:49:18 0.0 0.0 0.0 0.0 0.0 0.0 -0.0
Calib 108 2021-11-30 True True DARK "" True -596.52323555 True -596.52323555 True GROND.2021-12-01T09:49:28.654 False ESO-2.2m GROND 60.A-9080(A) 0108.A-9099(A) Service CALIB IMAGE False DARK False 2.0 J,H,K False "Daytime calib slow readout" -1 nan True nan True 35 2021-12-01T08:17:47 2021-12-01T08:49:40 6 2021-12-01T09:46:03 2021-12-01T08:49:40 10 2021-12-01T08:49:28 2021-12-01T08:49:40 0.0 0.0 0.0 0.0 0.0 0.0 -0.0
xxxxxxxxxxxx 0 xxxxxxxxxx False False xxxxxxxxxxxxxxxxxxxxxxxxxxxxxxxxxxxxxxxxxxxxxxxxxxxxxxxxxxxxxxxx xxxxxxxxxxxxxxxxxxxxxxxxxxxxxxxxxxxxxxxxxxxxxxxxxxxxxxxxxxxxxxxx False 0.0 False 0.0 False xxxxxxxxxxxxxxxxxxxxxxxxxxxxxx False xxxxxxxxxxxxxxxxxxxxxxxxxxxxxxxxxxxxxxxxxxxxxxxxxxxxxxxxxxxxxxxxxxxx xxxxxxxxxxxxxxxxxxxx xxxxxxxxxxxxxxx xxxxxxxxxxxxxxx xxxxxxxxxxxxxxxxxxxxxxxxxxxxxxxxxxxxxxxxxxxxxxxxxxxxxxxxxxxxxxxxxxxxxxxxxxxxxxxxxxxxxxxxxxxxxxxxxxxxxxxxxxxxxxxxxxxxxxxxxxxxxxxxxxxxxxxxxxxxxxxxxxxxxxxxxxxxxxxxxxxxxxxxxxxxxxxxxxxxxxxxxxxxxxxxxxxxxxxxxxxxxxxxxxxxxxxxxxxxxxxxxxxxxxxxxxxxxxxxxxxxxxxxxxxxxxx xxxxxxxxxxx xxxxxxxxxxxxxxxxxxxxxxxxxxxxxx False xxxxxxxxxxxxxxxxxxxxxxxxxxxxxx False 0.0 xxxxxxxxxxxxxxxxxxxxxxxxxxxxxxxxxxxxxxxxxxxxxxxxxxxxxxxxxxxxxxxxxxxxxxxxxxxxxxxxxxxxxxxxxxxxxxxxxxxxxxxxxxxxxxxxxxxxxxxxxxxxxxxxxxxxxxxxxxxxxxxxxxxxxxxxxxxxxxxxxxxxxxxxxxxxxxxxxxxxxxxxxxxxxxxxxxxxxxxxxxxxxxxxxxxxxxxxxxxxxxxxxxxxxxxxxxxxxxxxxxxxxxxxxxxxxxx False xxxxxxxxxxxxxxxxxxxxxxxxxxxxxxxxxxxxxxxxxxxxxxxxxxxxxxxxxxxxxxxxxxxxxx 0 0.0 False 0.0 False 0 xxxxxxxxxxxxxxxxxxx xxxxxxxxxxxxxxxxxxx 0 xxxxxxxxxxxxxxxxxxx xxxxxxxxxxxxxxxxxxx 0 xxxxxxxxxxxxxxxxxxx xxxxxxxxxxxxxxxxxxx 0.0 0.0 0.0 0.0 0.0 0.0 0.0
